50
0.414529082456 0.279512001974
0.129524010556 0.925175848455
0.349820645744 0.124168809632
0.833906902041 0.625823869041
0.150055481878 0.694850010090
0.366607070658 0.781118118919
0.145392342319 0.936775223848
0.119518877793 0.851168698472
0.394178283749 0.817585298530
0.151658182339 0.904002683301
0.526300241753 0.902561408302
0.851965581747 0.291260926555
0.854056808689 0.350275126446
0.137203809941 0.741188365129
0.852708046936 0.714176339483
0.935569418814 0.744722015628
0.913341057631 0.068274339200
0.985542831218 0.618648112772
0.549745574067 0.240833572777
0.665204130942 0.896573066869
0.640228620672 0.890647163264
0.527908611658 0.158402410323
0.461936835355 0.925851245530
0.964635204733 0.199842978643
0.152150957556 0.303409208948
0.340906507591 0.655956541329
0.246645799032 0.594459910003
0.606970302548 0.120943275082
0.303672301763 0.220945628214
0.684593253130 0.197191168249
0.543142609874 0.904696799743
0.463636953441 0.210387974030
0.399536002640 0.391959187349
0.458478748554 0.947476003046
0.904869615939 0.772837945370
0.680843802752 0.316882175993
0.651394682543 0.883059826757
0.074894830190 0.355346656786
0.514713109715 0.109702368314
0.566270781678 0.275498368244
0.394612148423 0.006115092641
0.923589664382 0.978905068652
0.516563254393 0.115295393514
0.883772620655 0.569604750713
0.660626559835 0.294738637836
0.407070470623 0.265174227251
0.391171228463 0.196640934572
0.200169192887 0.791405202807
0.560715917793 0.780801801560
0.363131341426 0.890958209609
