100
0.414529082456 0.279512001974
0.129524010556 0.925175848455
0.349820645744 0.124168809632
0.833906902041 0.625823869041
0.150055481878 0.694850010090
0.366607070658 0.781118118919
0.145392342319 0.936775223848
0.119518877793 0.851168698472
0.394178283749 0.817585298530
0.151658182339 0.904002683301
0.526300241753 0.902561408302
0.851965581747 0.291260926555
0.854056808689 0.350275126446
0.137203809941 0.741188365129
0.852708046936 0.714176339483
0.935569418814 0.744722015628
0.913341057631 0.068274339200
0.985542831218 0.618648112772
0.549745574067 0.240833572777
0.665204130942 0.896573066869
0.640228620672 0.890647163264
0.527908611658 0.158402410323
0.461936835355 0.925851245530
0.964635204733 0.199842978643
0.152150957556 0.303409208948
0.340906507591 0.655956541329
0.246645799032 0.594459910003
0.606970302548 0.120943275082
0.303672301763 0.220945628214
0.684593253130 0.197191168249
0.543142609874 0.904696799743
0.463636953441 0.210387974030
0.399536002640 0.391959187349
0.458478748554 0.947476003046
0.904869615939 0.772837945370
0.680843802752 0.316882175993
0.651394682543 0.883059826757
0.074894830190 0.355346656786
0.514713109715 0.109702368314
0.566270781678 0.275498368244
0.394612148423 0.006115092641
0.923589664382 0.978905068652
0.516563254393 0.115295393514
0.883772620655 0.569604750713
0.660626559835 0.294738637836
0.407070470623 0.265174227251
0.391171228463 0.196640934572
0.200169192887 0.791405202807
0.560715917793 0.780801801560
0.363131341426 0.890958209609
0.180289184332 0.297285417420
0.905735236829 0.207395822809
0.078608501453 0.873611090353
0.059166989014 0.208328875745
0.520305179173 0.056838820970
0.538791068977 0.372738283972
0.292232442058 0.602402194959
0.842287311412 0.928680869216
0.385061798708 0.755051125797
0.084834960779 0.532495563984
0.749000186104 0.847058990431
0.959911733002 0.426366886519
0.157273757122 0.437305274351
0.991946915990 0.497870916911
0.704375162182 0.452473779209
0.027436337146 0.946245490745
0.148936318820 0.967040558727
0.746732647318 0.792036269283
0.200069528449 0.798722849450
0.112730870931 0.559044057376
0.973342950221 0.005503164495
0.988865613669 0.122831534444
0.506073440174 0.482239233373
0.431636764626 0.924259752611
0.234807172304 0.080353411613
0.307324041835 0.658561651830
0.279817839323 0.252422362870
0.204301370924 0.792391757112
0.846910147088 0.972042045947
0.057708918941 0.158313470287
0.906124330631 0.243632132176
0.309097691559 0.706618260572
0.916072093781 0.620500747392
0.767568004485 0.739659907099
0.873197271107 0.844272689832
0.989042921350 0.548602064974
0.534472192768 0.634574833131
0.955439973301 0.954314126842
0.712764762443 0.252679094740
0.015043202287 0.413928946958
0.014818198162 0.272758947036
0.479371863271 0.886241796718
0.986576798257 0.883777783542
0.390956042700 0.799753242161
0.069193542118 0.456179338733
0.851952064106 0.186934787512
0.036820380649 0.310999609114
0.897375919117 0.240545426937
0.185186276604 0.973399148336
0.311440146042 0.318995001797
