200
0.414529082456 0.279512001974
0.129524010556 0.925175848455
0.349820645744 0.124168809632
0.833906902041 0.625823869041
0.150055481878 0.694850010090
0.366607070658 0.781118118919
0.145392342319 0.936775223848
0.119518877793 0.851168698472
0.394178283749 0.817585298530
0.151658182339 0.904002683301
0.526300241753 0.902561408302
0.851965581747 0.291260926555
0.854056808689 0.350275126446
0.137203809941 0.741188365129
0.852708046936 0.714176339483
0.935569418814 0.744722015628
0.913341057631 0.068274339200
0.985542831218 0.618648112772
0.549745574067 0.240833572777
0.665204130942 0.896573066869
0.640228620672 0.890647163264
0.527908611658 0.158402410323
0.461936835355 0.925851245530
0.964635204733 0.199842978643
0.152150957556 0.303409208948
0.340906507591 0.655956541329
0.246645799032 0.594459910003
0.606970302548 0.120943275082
0.303672301763 0.220945628214
0.684593253130 0.197191168249
0.543142609874 0.904696799743
0.463636953441 0.210387974030
0.399536002640 0.391959187349
0.458478748554 0.947476003046
0.904869615939 0.772837945370
0.680843802752 0.316882175993
0.651394682543 0.883059826757
0.074894830190 0.355346656786
0.514713109715 0.109702368314
0.566270781678 0.275498368244
0.394612148423 0.006115092641
0.923589664382 0.978905068652
0.516563254393 0.115295393514
0.883772620655 0.569604750713
0.660626559835 0.294738637836
0.407070470623 0.265174227251
0.391171228463 0.196640934572
0.200169192887 0.791405202807
0.560715917793 0.780801801560
0.363131341426 0.890958209609
0.180289184332 0.297285417420
0.905735236829 0.207395822809
0.078608501453 0.873611090353
0.059166989014 0.208328875745
0.520305179173 0.056838820970
0.538791068977 0.372738283972
0.292232442058 0.602402194959
0.842287311412 0.928680869216
0.385061798708 0.755051125797
0.084834960779 0.532495563984
0.749000186104 0.847058990431
0.959911733002 0.426366886519
0.157273757122 0.437305274351
0.991946915990 0.497870916911
0.704375162182 0.452473779209
0.027436337146 0.946245490745
0.148936318820 0.967040558727
0.746732647318 0.792036269283
0.200069528449 0.798722849450
0.112730870931 0.559044057376
0.973342950221 0.005503164495
0.988865613669 0.122831534444
0.506073440174 0.482239233373
0.431636764626 0.924259752611
0.234807172304 0.080353411613
0.307324041835 0.658561651830
0.279817839323 0.252422362870
0.204301370924 0.792391757112
0.846910147088 0.972042045947
0.057708918941 0.158313470287
0.906124330631 0.243632132176
0.309097691559 0.706618260572
0.916072093781 0.620500747392
0.767568004485 0.739659907099
0.873197271107 0.844272689832
0.989042921350 0.548602064974
0.534472192768 0.634574833131
0.955439973301 0.954314126842
0.712764762443 0.252679094740
0.015043202287 0.413928946958
0.014818198162 0.272758947036
0.479371863271 0.886241796718
0.986576798257 0.883777783542
0.390956042700 0.799753242161
0.069193542118 0.456179338733
0.851952064106 0.186934787512
0.036820380649 0.310999609114
0.897375919117 0.240545426937
0.185186276604 0.973399148336
0.311440146042 0.318995001797
0.734612982993 0.354682022433
0.514212640874 0.337406785349
0.984730760844 0.541505925382
0.822363889766 0.791872323549
0.258587298451 0.261204782574
0.036546120058 0.592236561805
0.664569565127 0.799073422964
0.593992941395 0.842545995794
0.014681776135 0.656361392115
0.003905251868 0.580107312253
0.711969624193 0.623972520597
0.151387578857 0.839134045436
0.168603009385 0.101976267712
0.400032672962 0.771524479309
0.965303235887 0.392638941816
0.471260138478 0.666860686910
0.904027603111 0.636535468100
0.448361227873 0.750816529215
0.746331063304 0.927288245028
0.203675713124 0.493506948794
0.442462709650 0.638606614304
0.227842036076 0.667722301011
0.229500861104 0.913701378640
0.540657795706 0.605415080017
0.064785985102 0.716081449309
0.764428114775 0.506312530827
0.433302209218 0.514586903965
0.864053604400 0.455312604825
0.859837280583 0.094782296959
0.715431574998 0.158702826665
0.219694099645 0.752158801939
0.907552888382 0.669667208112
0.692035945360 0.156731492363
0.757136471066 0.350585681582
0.469848784533 0.988451592142
0.801543075432 0.525978945288
0.927849181309 0.361390668548
0.310463446034 0.181429425643
0.167931856265 0.493027305164
0.034522685220 0.329361583307
0.790038450671 0.772434596654
0.295146378156 0.414262329560
0.469365092730 0.655111661811
0.061083994604 0.192960191999
0.818962501529 0.808132089414
0.189795295974 0.678280385382
0.955995163507 0.870829625179
0.014015003777 0.958197417351
0.811817137984 0.635164290196
0.793383892097 0.432087602144
0.187817855145 0.516093304104
0.736859814576 0.378536180870
0.783543424473 0.833718482370
0.733114028257 0.876197966863
0.349384036252 0.701827999012
0.143315594795 0.234391861678
0.947237576182 0.575953366261
0.944273686708 0.000498533763
0.258740145599 0.700604993674
0.731133364825 0.747022330473
0.447247350009 0.580439563467
0.059618885560 0.605693417129
0.257732548929 0.032382508890
0.930728905443 0.515669516994
0.594741313027 0.531936920789
0.888974138112 0.447318775674
0.534731672688 0.201939046617
0.852499148093 0.214921505142
0.653388927907 0.488877998553
0.944160098780 0.616739188820
0.244308385379 0.991716165549
0.911878471468 0.458209462386
0.801890957247 0.040184940587
0.270021100673 0.895606137767
0.383121659728 0.031170541675
0.757458390739 0.558549022599
0.760451251261 0.618554735608
0.679239352427 0.098579616756
0.757253111384 0.087367979827
0.905033188250 0.399081053968
0.709882545786 0.429105692305
0.856786624342 0.353684212409
0.533450572350 0.151434854723
0.489223097003 0.263662056115
0.554890460060 0.910285762861
0.699278316426 0.860491301538
0.805219419836 0.931615272544
0.584365710772 0.271699743062
0.287181446209 0.508201162196
0.685158863412 0.913389330314
0.324426943761 0.806065056533
0.617655357168 0.011624681204
0.189392004927 0.816031542691
0.033561494322 0.880524450187
0.050061598578 0.637146472655
0.500049232482 0.073834163899
0.887438044263 0.806955796654
0.902849426674 0.388564098446
0.448015547655 0.103870423820
0.234248159637 0.446639816844
