400
0.414529082456 0.279512001974
0.129524010556 0.925175848455
0.349820645744 0.124168809632
0.833906902041 0.625823869041
0.150055481878 0.694850010090
0.366607070658 0.781118118919
0.145392342319 0.936775223848
0.119518877793 0.851168698472
0.394178283749 0.817585298530
0.151658182339 0.904002683301
0.526300241753 0.902561408302
0.851965581747 0.291260926555
0.854056808689 0.350275126446
0.137203809941 0.741188365129
0.852708046936 0.714176339483
0.935569418814 0.744722015628
0.913341057631 0.068274339200
0.985542831218 0.618648112772
0.549745574067 0.240833572777
0.665204130942 0.896573066869
0.640228620672 0.890647163264
0.527908611658 0.158402410323
0.461936835355 0.925851245530
0.964635204733 0.199842978643
0.152150957556 0.303409208948
0.340906507591 0.655956541329
0.246645799032 0.594459910003
0.606970302548 0.120943275082
0.303672301763 0.220945628214
0.684593253130 0.197191168249
0.543142609874 0.904696799743
0.463636953441 0.210387974030
0.399536002640 0.391959187349
0.458478748554 0.947476003046
0.904869615939 0.772837945370
0.680843802752 0.316882175993
0.651394682543 0.883059826757
0.074894830190 0.355346656786
0.514713109715 0.109702368314
0.566270781678 0.275498368244
0.394612148423 0.006115092641
0.923589664382 0.978905068652
0.516563254393 0.115295393514
0.883772620655 0.569604750713
0.660626559835 0.294738637836
0.407070470623 0.265174227251
0.391171228463 0.196640934572
0.200169192887 0.791405202807
0.560715917793 0.780801801560
0.363131341426 0.890958209609
0.180289184332 0.297285417420
0.905735236829 0.207395822809
0.078608501453 0.873611090353
0.059166989014 0.208328875745
0.520305179173 0.056838820970
0.538791068977 0.372738283972
0.292232442058 0.602402194959
0.842287311412 0.928680869216
0.385061798708 0.755051125797
0.084834960779 0.532495563984
0.749000186104 0.847058990431
0.959911733002 0.426366886519
0.157273757122 0.437305274351
0.991946915990 0.497870916911
0.704375162182 0.452473779209
0.027436337146 0.946245490745
0.148936318820 0.967040558727
0.746732647318 0.792036269283
0.200069528449 0.798722849450
0.112730870931 0.559044057376
0.973342950221 0.005503164495
0.988865613669 0.122831534444
0.506073440174 0.482239233373
0.431636764626 0.924259752611
0.234807172304 0.080353411613
0.307324041835 0.658561651830
0.279817839323 0.252422362870
0.204301370924 0.792391757112
0.846910147088 0.972042045947
0.057708918941 0.158313470287
0.906124330631 0.243632132176
0.309097691559 0.706618260572
0.916072093781 0.620500747392
0.767568004485 0.739659907099
0.873197271107 0.844272689832
0.989042921350 0.548602064974
0.534472192768 0.634574833131
0.955439973301 0.954314126842
0.712764762443 0.252679094740
0.015043202287 0.413928946958
0.014818198162 0.272758947036
0.479371863271 0.886241796718
0.986576798257 0.883777783542
0.390956042700 0.799753242161
0.069193542118 0.456179338733
0.851952064106 0.186934787512
0.036820380649 0.310999609114
0.897375919117 0.240545426937
0.185186276604 0.973399148336
0.311440146042 0.318995001797
0.734612982993 0.354682022433
0.514212640874 0.337406785349
0.984730760844 0.541505925382
0.822363889766 0.791872323549
0.258587298451 0.261204782574
0.036546120058 0.592236561805
0.664569565127 0.799073422964
0.593992941395 0.842545995794
0.014681776135 0.656361392115
0.003905251868 0.580107312253
0.711969624193 0.623972520597
0.151387578857 0.839134045436
0.168603009385 0.101976267712
0.400032672962 0.771524479309
0.965303235887 0.392638941816
0.471260138478 0.666860686910
0.904027603111 0.636535468100
0.448361227873 0.750816529215
0.746331063304 0.927288245028
0.203675713124 0.493506948794
0.442462709650 0.638606614304
0.227842036076 0.667722301011
0.229500861104 0.913701378640
0.540657795706 0.605415080017
0.064785985102 0.716081449309
0.764428114775 0.506312530827
0.433302209218 0.514586903965
0.864053604400 0.455312604825
0.859837280583 0.094782296959
0.715431574998 0.158702826665
0.219694099645 0.752158801939
0.907552888382 0.669667208112
0.692035945360 0.156731492363
0.757136471066 0.350585681582
0.469848784533 0.988451592142
0.801543075432 0.525978945288
0.927849181309 0.361390668548
0.310463446034 0.181429425643
0.167931856265 0.493027305164
0.034522685220 0.329361583307
0.790038450671 0.772434596654
0.295146378156 0.414262329560
0.469365092730 0.655111661811
0.061083994604 0.192960191999
0.818962501529 0.808132089414
0.189795295974 0.678280385382
0.955995163507 0.870829625179
0.014015003777 0.958197417351
0.811817137984 0.635164290196
0.793383892097 0.432087602144
0.187817855145 0.516093304104
0.736859814576 0.378536180870
0.783543424473 0.833718482370
0.733114028257 0.876197966863
0.349384036252 0.701827999012
0.143315594795 0.234391861678
0.947237576182 0.575953366261
0.944273686708 0.000498533763
0.258740145599 0.700604993674
0.731133364825 0.747022330473
0.447247350009 0.580439563467
0.059618885560 0.605693417129
0.257732548929 0.032382508890
0.930728905443 0.515669516994
0.594741313027 0.531936920789
0.888974138112 0.447318775674
0.534731672688 0.201939046617
0.852499148093 0.214921505142
0.653388927907 0.488877998553
0.944160098780 0.616739188820
0.244308385379 0.991716165549
0.911878471468 0.458209462386
0.801890957247 0.040184940587
0.270021100673 0.895606137767
0.383121659728 0.031170541675
0.757458390739 0.558549022599
0.760451251261 0.618554735608
0.679239352427 0.098579616756
0.757253111384 0.087367979827
0.905033188250 0.399081053968
0.709882545786 0.429105692305
0.856786624342 0.353684212409
0.533450572350 0.151434854723
0.489223097003 0.263662056115
0.554890460060 0.910285762861
0.699278316426 0.860491301538
0.805219419836 0.931615272544
0.584365710772 0.271699743062
0.287181446209 0.508201162196
0.685158863412 0.913389330314
0.324426943761 0.806065056533
0.617655357168 0.011624681204
0.189392004927 0.816031542691
0.033561494322 0.880524450187
0.050061598578 0.637146472655
0.500049232482 0.073834163899
0.887438044263 0.806955796654
0.902849426674 0.388564098446
0.448015547655 0.103870423820
0.234248159637 0.446639816844
0.806734821007 0.972020371304
0.904259637888 0.179256423811
0.539235470891 0.370265653689
0.924098893074 0.157695740861
0.416839466594 0.663639793532
0.761734418985 0.975828769951
0.538313168783 0.974837313577
0.306053956908 0.118579311234
0.759419662009 0.840926914199
0.035939978149 0.225588742307
0.550564058644 0.799910058470
0.150864065167 0.861642065251
0.146053588619 0.714808194252
0.448635424235 0.769661696127
0.202868221175 0.859533650675
0.142467235462 0.745943422075
0.585217844411 0.498887167407
0.492969522801 0.331618796090
0.272025218094 0.430761862112
0.131077769896 0.253025291595
0.451921577561 0.586277026679
0.695946679730 0.213820110417
0.344100464025 0.745498278765
0.978767339556 0.193480941392
0.148796651817 0.993131094514
0.111217670045 0.743617514857
0.289217498350 0.058735423310
0.568369471405 0.001716803471
0.024055220627 0.836357748792
0.363514691969 0.821132494437
0.868477065227 0.413896424441
0.930327798915 0.809001214880
0.609577649472 0.946014189470
0.840464388823 0.386144243376
0.103160472482 0.837121273894
0.857147500248 0.653839398878
0.321495288359 0.452131243127
0.433176543839 0.743693776037
0.131101262567 0.009722524700
0.821398410341 0.013909305781
0.125984158929 0.331229215174
0.563920215461 0.466330074319
0.151085791299 0.691668096676
0.490757355697 0.825238245126
0.314587183125 0.449542612005
0.107363143211 0.025494609388
0.713369872576 0.298831667672
0.642366323224 0.291995553300
0.456234142881 0.597979367841
0.211264316716 0.395360888109
0.052875209776 0.072883941581
0.818822136953 0.084221853266
0.797230122779 0.378098023541
0.953173662939 0.619515987107
0.381355897037 0.225080896642
0.639402378952 0.971010775541
0.865834750138 0.568894117149
0.231606869235 0.734191349813
0.055801836135 0.283837930044
0.282671353270 0.543104322045
0.804656109470 0.780944858431
0.283327422272 0.501320434410
0.322572477143 0.630861627341
0.290398954241 0.441558366986
0.001934770772 0.787468972175
0.742782005417 0.120521113059
0.900230853591 0.871743697706
0.507764362976 0.428080101397
0.921894933607 0.911116407524
0.215399459666 0.461171035293
0.008774445322 0.254304428528
0.671105558361 0.707834540493
0.644691251408 0.240810423099
0.923377575678 0.384064480983
0.578935964745 0.821605825379
0.882014691409 0.146962525460
0.518081462987 0.254722370177
0.100746047010 0.406709540749
0.282453724704 0.366437415851
0.965368434270 0.414747963839
0.495806520678 0.633467308703
0.463907977125 0.307144774216
0.712687808638 0.540210508299
0.498921477753 0.624317365131
0.191761467074 0.661866403383
0.264526395247 0.258224809014
0.514684826262 0.661579508985
0.123380413658 0.745950040779
0.414391874827 0.638129859641
0.143536298642 0.737644655890
0.514770600461 0.868741713656
0.594414300783 0.923522650146
0.962352226431 0.136071971690
0.248226801413 0.768542827846
0.931976693593 0.264249802056
0.921847275893 0.837307086651
0.760314173479 0.798977667497
0.848752032372 0.011343663684
0.567083243922 0.612304076406
0.856317633518 0.425286010693
0.992914177316 0.582997747895
0.996093487076 0.849569568836
0.459787145363 0.965874297345
0.929976860876 0.600345648501
0.755181595558 0.013457829618
0.600410601609 0.890674198899
0.880481166264 0.324633783370
0.235341176774 0.082150788560
0.879389841430 0.069223814520
0.676880378178 0.237517923740
0.680356165408 0.054571252272
0.135197185799 0.100202219745
0.021124805362 0.768274519736
0.405540955103 0.476927222566
0.962015125950 0.336278695603
0.136502321632 0.518522167809
0.791466290820 0.391889916072
0.082318076293 0.578849972862
0.752514290490 0.351296389663
0.232509815816 0.882608599362
0.707529778798 0.555371234362
0.000327477760 0.802938908577
0.861723242988 0.264528959056
0.119886990804 0.995744574985
0.000217397944 0.009967012083
0.793710271282 0.268965835449
0.391122345711 0.315629221297
0.831384738611 0.894444145616
0.865878539769 0.143686964971
0.800672467758 0.063289503861
0.421632501932 0.493379353511
0.489655108910 0.511761598853
0.577682120883 0.637943380928
0.558063845361 0.625670352125
0.253798777578 0.334481734732
0.084102992881 0.892386174310
0.982854056722 0.632467545959
0.626745430059 0.689045645576
0.199625977522 0.361804629803
0.400196951663 0.554889679669
0.303535073718 0.052706524430
0.565158918569 0.229448849363
0.332590834734 0.557010693420
0.489453300718 0.484189751572
0.831865549350 0.461913428390
0.017925436343 0.724077385348
0.790832032988 0.048629085315
0.358346623951 0.281236817983
0.064005632059 0.914402123243
0.566965085647 0.512583235975
0.198245846332 0.889014800095
0.875688953902 0.197128131173
0.053150455446 0.806945129517
0.204542801328 0.209981170526
0.519191741013 0.392271627767
0.250558916839 0.135297552966
0.278201823732 0.652051293013
0.030810094322 0.929139681640
0.194738848079 0.010097973446
0.816651204098 0.218125086374
0.122609307920 0.029867608086
0.052826325514 0.536640032482
0.721860777344 0.133647577275
0.273955793465 0.183255460282
0.136995254618 0.714707391329
0.767707214997 0.287859127469
0.931712805927 0.526879988068
0.984965406962 0.700110386305
0.619529771971 0.117714815428
0.549462354325 0.965452231929
0.099102037069 0.320508456693
0.400148753846 0.678524419475
0.689623319657 0.738933625447
0.727247551844 0.079981878589
0.672487687425 0.625535727703
0.196216170149 0.779129666877
0.953356092409 0.280055672320
0.642171903655 0.782259611283
0.852325223541 0.861501020244
0.250743328598 0.629059900901
0.063164948997 0.433382710798
0.900463545313 0.884037528768
0.465294630720 0.836944301748
0.148007755231 0.696739946223
0.959660201143 0.133042721638
0.502712101826 0.787006904045
0.582929659965 0.468226770423
0.513431951549 0.385971522182
0.350046139308 0.231259830279
0.522069916035 0.179631467065
0.115391461227 0.777729275062
0.107815983519 0.672222034671
0.025470734816 0.145484706787
0.528708197951 0.077163251224
0.174606573637 0.473583213185
0.277581461268 0.522968124197
0.948731520251 0.011450144323
0.013488300138 0.152259216519
0.345715805942 0.980471261034
0.053537895790 0.419141089248
