800
0.414529082456 0.279512001974
0.129524010556 0.925175848455
0.349820645744 0.124168809632
0.833906902041 0.625823869041
0.150055481878 0.694850010090
0.366607070658 0.781118118919
0.145392342319 0.936775223848
0.119518877793 0.851168698472
0.394178283749 0.817585298530
0.151658182339 0.904002683301
0.526300241753 0.902561408302
0.851965581747 0.291260926555
0.854056808689 0.350275126446
0.137203809941 0.741188365129
0.852708046936 0.714176339483
0.935569418814 0.744722015628
0.913341057631 0.068274339200
0.985542831218 0.618648112772
0.549745574067 0.240833572777
0.665204130942 0.896573066869
0.640228620672 0.890647163264
0.527908611658 0.158402410323
0.461936835355 0.925851245530
0.964635204733 0.199842978643
0.152150957556 0.303409208948
0.340906507591 0.655956541329
0.246645799032 0.594459910003
0.606970302548 0.120943275082
0.303672301763 0.220945628214
0.684593253130 0.197191168249
0.543142609874 0.904696799743
0.463636953441 0.210387974030
0.399536002640 0.391959187349
0.458478748554 0.947476003046
0.904869615939 0.772837945370
0.680843802752 0.316882175993
0.651394682543 0.883059826757
0.074894830190 0.355346656786
0.514713109715 0.109702368314
0.566270781678 0.275498368244
0.394612148423 0.006115092641
0.923589664382 0.978905068652
0.516563254393 0.115295393514
0.883772620655 0.569604750713
0.660626559835 0.294738637836
0.407070470623 0.265174227251
0.391171228463 0.196640934572
0.200169192887 0.791405202807
0.560715917793 0.780801801560
0.363131341426 0.890958209609
0.180289184332 0.297285417420
0.905735236829 0.207395822809
0.078608501453 0.873611090353
0.059166989014 0.208328875745
0.520305179173 0.056838820970
0.538791068977 0.372738283972
0.292232442058 0.602402194959
0.842287311412 0.928680869216
0.385061798708 0.755051125797
0.084834960779 0.532495563984
0.749000186104 0.847058990431
0.959911733002 0.426366886519
0.157273757122 0.437305274351
0.991946915990 0.497870916911
0.704375162182 0.452473779209
0.027436337146 0.946245490745
0.148936318820 0.967040558727
0.746732647318 0.792036269283
0.200069528449 0.798722849450
0.112730870931 0.559044057376
0.973342950221 0.005503164495
0.988865613669 0.122831534444
0.506073440174 0.482239233373
0.431636764626 0.924259752611
0.234807172304 0.080353411613
0.307324041835 0.658561651830
0.279817839323 0.252422362870
0.204301370924 0.792391757112
0.846910147088 0.972042045947
0.057708918941 0.158313470287
0.906124330631 0.243632132176
0.309097691559 0.706618260572
0.916072093781 0.620500747392
0.767568004485 0.739659907099
0.873197271107 0.844272689832
0.989042921350 0.548602064974
0.534472192768 0.634574833131
0.955439973301 0.954314126842
0.712764762443 0.252679094740
0.015043202287 0.413928946958
0.014818198162 0.272758947036
0.479371863271 0.886241796718
0.986576798257 0.883777783542
0.390956042700 0.799753242161
0.069193542118 0.456179338733
0.851952064106 0.186934787512
0.036820380649 0.310999609114
0.897375919117 0.240545426937
0.185186276604 0.973399148336
0.311440146042 0.318995001797
0.734612982993 0.354682022433
0.514212640874 0.337406785349
0.984730760844 0.541505925382
0.822363889766 0.791872323549
0.258587298451 0.261204782574
0.036546120058 0.592236561805
0.664569565127 0.799073422964
0.593992941395 0.842545995794
0.014681776135 0.656361392115
0.003905251868 0.580107312253
0.711969624193 0.623972520597
0.151387578857 0.839134045436
0.168603009385 0.101976267712
0.400032672962 0.771524479309
0.965303235887 0.392638941816
0.471260138478 0.666860686910
0.904027603111 0.636535468100
0.448361227873 0.750816529215
0.746331063304 0.927288245028
0.203675713124 0.493506948794
0.442462709650 0.638606614304
0.227842036076 0.667722301011
0.229500861104 0.913701378640
0.540657795706 0.605415080017
0.064785985102 0.716081449309
0.764428114775 0.506312530827
0.433302209218 0.514586903965
0.864053604400 0.455312604825
0.859837280583 0.094782296959
0.715431574998 0.158702826665
0.219694099645 0.752158801939
0.907552888382 0.669667208112
0.692035945360 0.156731492363
0.757136471066 0.350585681582
0.469848784533 0.988451592142
0.801543075432 0.525978945288
0.927849181309 0.361390668548
0.310463446034 0.181429425643
0.167931856265 0.493027305164
0.034522685220 0.329361583307
0.790038450671 0.772434596654
0.295146378156 0.414262329560
0.469365092730 0.655111661811
0.061083994604 0.192960191999
0.818962501529 0.808132089414
0.189795295974 0.678280385382
0.955995163507 0.870829625179
0.014015003777 0.958197417351
0.811817137984 0.635164290196
0.793383892097 0.432087602144
0.187817855145 0.516093304104
0.736859814576 0.378536180870
0.783543424473 0.833718482370
0.733114028257 0.876197966863
0.349384036252 0.701827999012
0.143315594795 0.234391861678
0.947237576182 0.575953366261
0.944273686708 0.000498533763
0.258740145599 0.700604993674
0.731133364825 0.747022330473
0.447247350009 0.580439563467
0.059618885560 0.605693417129
0.257732548929 0.032382508890
0.930728905443 0.515669516994
0.594741313027 0.531936920789
0.888974138112 0.447318775674
0.534731672688 0.201939046617
0.852499148093 0.214921505142
0.653388927907 0.488877998553
0.944160098780 0.616739188820
0.244308385379 0.991716165549
0.911878471468 0.458209462386
0.801890957247 0.040184940587
0.270021100673 0.895606137767
0.383121659728 0.031170541675
0.757458390739 0.558549022599
0.760451251261 0.618554735608
0.679239352427 0.098579616756
0.757253111384 0.087367979827
0.905033188250 0.399081053968
0.709882545786 0.429105692305
0.856786624342 0.353684212409
0.533450572350 0.151434854723
0.489223097003 0.263662056115
0.554890460060 0.910285762861
0.699278316426 0.860491301538
0.805219419836 0.931615272544
0.584365710772 0.271699743062
0.287181446209 0.508201162196
0.685158863412 0.913389330314
0.324426943761 0.806065056533
0.617655357168 0.011624681204
0.189392004927 0.816031542691
0.033561494322 0.880524450187
0.050061598578 0.637146472655
0.500049232482 0.073834163899
0.887438044263 0.806955796654
0.902849426674 0.388564098446
0.448015547655 0.103870423820
0.234248159637 0.446639816844
0.806734821007 0.972020371304
0.904259637888 0.179256423811
0.539235470891 0.370265653689
0.924098893074 0.157695740861
0.416839466594 0.663639793532
0.761734418985 0.975828769951
0.538313168783 0.974837313577
0.306053956908 0.118579311234
0.759419662009 0.840926914199
0.035939978149 0.225588742307
0.550564058644 0.799910058470
0.150864065167 0.861642065251
0.146053588619 0.714808194252
0.448635424235 0.769661696127
0.202868221175 0.859533650675
0.142467235462 0.745943422075
0.585217844411 0.498887167407
0.492969522801 0.331618796090
0.272025218094 0.430761862112
0.131077769896 0.253025291595
0.451921577561 0.586277026679
0.695946679730 0.213820110417
0.344100464025 0.745498278765
0.978767339556 0.193480941392
0.148796651817 0.993131094514
0.111217670045 0.743617514857
0.289217498350 0.058735423310
0.568369471405 0.001716803471
0.024055220627 0.836357748792
0.363514691969 0.821132494437
0.868477065227 0.413896424441
0.930327798915 0.809001214880
0.609577649472 0.946014189470
0.840464388823 0.386144243376
0.103160472482 0.837121273894
0.857147500248 0.653839398878
0.321495288359 0.452131243127
0.433176543839 0.743693776037
0.131101262567 0.009722524700
0.821398410341 0.013909305781
0.125984158929 0.331229215174
0.563920215461 0.466330074319
0.151085791299 0.691668096676
0.490757355697 0.825238245126
0.314587183125 0.449542612005
0.107363143211 0.025494609388
0.713369872576 0.298831667672
0.642366323224 0.291995553300
0.456234142881 0.597979367841
0.211264316716 0.395360888109
0.052875209776 0.072883941581
0.818822136953 0.084221853266
0.797230122779 0.378098023541
0.953173662939 0.619515987107
0.381355897037 0.225080896642
0.639402378952 0.971010775541
0.865834750138 0.568894117149
0.231606869235 0.734191349813
0.055801836135 0.283837930044
0.282671353270 0.543104322045
0.804656109470 0.780944858431
0.283327422272 0.501320434410
0.322572477143 0.630861627341
0.290398954241 0.441558366986
0.001934770772 0.787468972175
0.742782005417 0.120521113059
0.900230853591 0.871743697706
0.507764362976 0.428080101397
0.921894933607 0.911116407524
0.215399459666 0.461171035293
0.008774445322 0.254304428528
0.671105558361 0.707834540493
0.644691251408 0.240810423099
0.923377575678 0.384064480983
0.578935964745 0.821605825379
0.882014691409 0.146962525460
0.518081462987 0.254722370177
0.100746047010 0.406709540749
0.282453724704 0.366437415851
0.965368434270 0.414747963839
0.495806520678 0.633467308703
0.463907977125 0.307144774216
0.712687808638 0.540210508299
0.498921477753 0.624317365131
0.191761467074 0.661866403383
0.264526395247 0.258224809014
0.514684826262 0.661579508985
0.123380413658 0.745950040779
0.414391874827 0.638129859641
0.143536298642 0.737644655890
0.514770600461 0.868741713656
0.594414300783 0.923522650146
0.962352226431 0.136071971690
0.248226801413 0.768542827846
0.931976693593 0.264249802056
0.921847275893 0.837307086651
0.760314173479 0.798977667497
0.848752032372 0.011343663684
0.567083243922 0.612304076406
0.856317633518 0.425286010693
0.992914177316 0.582997747895
0.996093487076 0.849569568836
0.459787145363 0.965874297345
0.929976860876 0.600345648501
0.755181595558 0.013457829618
0.600410601609 0.890674198899
0.880481166264 0.324633783370
0.235341176774 0.082150788560
0.879389841430 0.069223814520
0.676880378178 0.237517923740
0.680356165408 0.054571252272
0.135197185799 0.100202219745
0.021124805362 0.768274519736
0.405540955103 0.476927222566
0.962015125950 0.336278695603
0.136502321632 0.518522167809
0.791466290820 0.391889916072
0.082318076293 0.578849972862
0.752514290490 0.351296389663
0.232509815816 0.882608599362
0.707529778798 0.555371234362
0.000327477760 0.802938908577
0.861723242988 0.264528959056
0.119886990804 0.995744574985
0.000217397944 0.009967012083
0.793710271282 0.268965835449
0.391122345711 0.315629221297
0.831384738611 0.894444145616
0.865878539769 0.143686964971
0.800672467758 0.063289503861
0.421632501932 0.493379353511
0.489655108910 0.511761598853
0.577682120883 0.637943380928
0.558063845361 0.625670352125
0.253798777578 0.334481734732
0.084102992881 0.892386174310
0.982854056722 0.632467545959
0.626745430059 0.689045645576
0.199625977522 0.361804629803
0.400196951663 0.554889679669
0.303535073718 0.052706524430
0.565158918569 0.229448849363
0.332590834734 0.557010693420
0.489453300718 0.484189751572
0.831865549350 0.461913428390
0.017925436343 0.724077385348
0.790832032988 0.048629085315
0.358346623951 0.281236817983
0.064005632059 0.914402123243
0.566965085647 0.512583235975
0.198245846332 0.889014800095
0.875688953902 0.197128131173
0.053150455446 0.806945129517
0.204542801328 0.209981170526
0.519191741013 0.392271627767
0.250558916839 0.135297552966
0.278201823732 0.652051293013
0.030810094322 0.929139681640
0.194738848079 0.010097973446
0.816651204098 0.218125086374
0.122609307920 0.029867608086
0.052826325514 0.536640032482
0.721860777344 0.133647577275
0.273955793465 0.183255460282
0.136995254618 0.714707391329
0.767707214997 0.287859127469
0.931712805927 0.526879988068
0.984965406962 0.700110386305
0.619529771971 0.117714815428
0.549462354325 0.965452231929
0.099102037069 0.320508456693
0.400148753846 0.678524419475
0.689623319657 0.738933625447
0.727247551844 0.079981878589
0.672487687425 0.625535727703
0.196216170149 0.779129666877
0.953356092409 0.280055672320
0.642171903655 0.782259611283
0.852325223541 0.861501020244
0.250743328598 0.629059900901
0.063164948997 0.433382710798
0.900463545313 0.884037528768
0.465294630720 0.836944301748
0.148007755231 0.696739946223
0.959660201143 0.133042721638
0.502712101826 0.787006904045
0.582929659965 0.468226770423
0.513431951549 0.385971522182
0.350046139308 0.231259830279
0.522069916035 0.179631467065
0.115391461227 0.777729275062
0.107815983519 0.672222034671
0.025470734816 0.145484706787
0.528708197951 0.077163251224
0.174606573637 0.473583213185
0.277581461268 0.522968124197
0.948731520251 0.011450144323
0.013488300138 0.152259216519
0.345715805942 0.980471261034
0.053537895790 0.419141089248
0.654116212603 0.272724325910
0.650722386699 0.331937174784
0.131757102841 0.264668101417
0.918221481496 0.526166616601
0.392758206096 0.439092101752
0.358061825970 0.321179854859
0.743732055422 0.176374127952
0.020645415928 0.450786562718
0.629738624161 0.954102411884
0.760965699472 0.054316258125
0.096682276406 0.318527916685
0.407339930485 0.063795842875
0.953268182508 0.726377801408
0.849865882225 0.072379767254
0.342128423410 0.643666068638
0.659849268459 0.569022797148
0.191633677740 0.899789788090
0.330059211983 0.477962783598
0.518201215910 0.079031839268
0.181391909242 0.855326714913
0.550195478480 0.864361654571
0.407521327478 0.428657981089
0.931020354131 0.485016783375
0.259179400003 0.181081512001
0.878573958442 0.342768049973
0.528250818247 0.095996577044
0.694353810550 0.163152456469
0.943928218683 0.409559867130
0.757264373423 0.626558598151
0.894416391123 0.638864332774
0.449316527227 0.947252026106
0.734388154626 0.338827436775
0.953271246646 0.681740522373
0.417493820967 0.018696309372
0.661844114659 0.634934459214
0.032249755683 0.151202080110
0.935954889422 0.895113108669
0.136743515720 0.418321716587
0.052903710363 0.146646763923
0.341582453102 0.645028338156
0.567134246582 0.690754642647
0.030793588343 0.617150505164
0.654880717891 0.335432576919
0.226994038048 0.705462723784
0.783591818631 0.110320267011
0.580757390749 0.922463665543
0.707306709481 0.813078199829
0.115991226076 0.421160691711
0.075477975067 0.721317019567
0.405228527269 0.159889508311
0.106070338049 0.506900000657
0.133560108378 0.360201470132
0.830713535841 0.894280123972
0.780660427766 0.785718514296
0.402479666716 0.916319908791
0.290774351142 0.781282248116
0.163341060389 0.572782417998
0.885051622947 0.399529654685
0.412020886583 0.199508544588
0.514278066846 0.975158525428
0.672876846196 0.149466616572
0.158521926970 0.807671394077
0.337384955957 0.287758337062
0.199779343817 0.506502743903
0.692067201357 0.956797919362
0.261278794910 0.316460901835
0.936310256726 0.198881795681
0.200229482881 0.857798632007
0.972054118064 0.182992285164
0.727637185174 0.118535309655
0.672015926083 0.600812914796
0.418152052431 0.864584006752
0.426807036501 0.731583507879
0.564170319438 0.476609165719
0.972477084311 0.462722501715
0.461624935751 0.375300089567
0.512778951071 0.657350041312
0.720732795181 0.905962548337
0.694519741833 0.323341031936
0.144707606911 0.769200705305
0.055096673431 0.331830332592
0.575011568397 0.710304614467
0.639689731217 0.304815447560
0.965644934066 0.322220045998
0.848196629281 0.418413236456
0.314424386569 0.035227670993
0.501076572352 0.505309127389
0.079967871490 0.923392993514
0.156669128349 0.069997895172
0.373599314470 0.069287169173
0.933749741495 0.814687069741
0.700650464172 0.313367307752
0.321175609544 0.501475281363
0.891333057881 0.144813335118
0.536191377383 0.515011141477
0.303771651300 0.841742299521
0.034654925720 0.234791413504
0.487839852801 0.268880461722
0.406086020134 0.251203059280
0.495669417461 0.721413919735
0.495636294994 0.866110066347
0.531266750220 0.049430199918
0.591054541114 0.087115581674
0.906363902888 0.895801509070
0.568328108100 0.162600611054
0.461865189046 0.072365499645
0.193395984493 0.398385202825
0.014065146583 0.928776764730
0.283253343699 0.660634432283
0.672872812252 0.532502163438
0.107627603687 0.295822451621
0.376870198633 0.777310793446
0.497553906119 0.707681182020
0.909073543828 0.324585288005
0.370589938382 0.121728712054
0.350293400567 0.913300432362
0.300687762476 0.066953942393
0.137168006616 0.860148181708
0.886110340359 0.316411293422
0.003062695065 0.023730331949
0.799094318619 0.786860182260
0.366500423600 0.591811658315
0.849694918805 0.613301291361
0.608653888849 0.437272607578
0.242505035860 0.026573204818
0.954352207738 0.598691919931
0.543445438325 0.088461593226
0.786323855097 0.500621178900
0.064927852948 0.924546596005
0.516926507909 0.614905554491
0.297374265357 0.063905193833
0.092942724196 0.359303228674
0.304935540222 0.398551995970
0.685312041050 0.567730485700
0.320517021187 0.244026800085
0.625714174161 0.985405525177
0.042739675415 0.973828328352
0.595128603073 0.032802025830
0.793719162275 0.750583515491
0.985911994556 0.838598664845
0.945633493052 0.350188434666
0.179220713622 0.010793494240
0.085699271088 0.914043208094
0.775050160245 0.247037604279
0.748738421896 0.439436873534
0.044679912265 0.083351177025
0.204968403150 0.777751977829
0.647442713792 0.451162163262
0.514590687398 0.031210457042
0.958640286191 0.315623715686
0.632411398503 0.276254951816
0.826898817846 0.266116492925
0.812955918599 0.078360908981
0.741705871992 0.238546325203
0.492812628293 0.960237448621
0.910337401340 0.487451815695
0.541361261451 0.832256842248
0.673532636605 0.866110554399
0.618335209676 0.957936364982
0.727394885821 0.489972056185
0.967186062983 0.703890065153
0.352001804996 0.981170614006
0.432939284753 0.586504451023
0.002638540761 0.951027294648
0.713753753300 0.778429038926
0.315585364666 0.857907610298
0.743951521728 0.656692952480
0.575787079148 0.267255287141
0.835719114836 0.368870121157
0.637918639547 0.179893334695
0.465474559001 0.050350910939
0.975379167211 0.027716609045
0.833146690835 0.858695042468
0.134258888383 0.159765572234
0.018051675404 0.592622225617
0.212619584592 0.856564291076
0.439027647506 0.353950876149
0.781422945154 0.769847204284
0.649978532260 0.589354392686
0.764671833802 0.044834129429
0.281583966805 0.341926573056
0.445960981635 0.552611693398
0.207880395496 0.655115650672
0.850455060278 0.653637164199
0.070560409294 0.636607946511
0.039737534671 0.695717850712
0.947649808496 0.618350072928
0.267042206885 0.189981132708
0.785806249040 0.380350804483
0.777755003228 0.928407098747
0.821566248903 0.357582960716
0.251045389172 0.531643016899
0.456800344996 0.766719738814
0.299968882820 0.324376755042
0.303395865068 0.396221702894
0.056913540229 0.508960116418
0.513374675822 0.451197893752
0.037008067373 0.280813174476
0.220495950361 0.963380080732
0.202856436462 0.439102391532
0.360743027605 0.324480848561
0.349127611114 0.784088900693
0.250425376029 0.014286808882
0.625148278111 0.952334132530
0.786043086415 0.437325561465
0.648385405561 0.569698289509
0.709288765824 0.396221915998
0.302853060853 0.649968324736
0.038951750170 0.386433134709
0.925948289186 0.937326379697
0.010018758085 0.944557381040
0.267553037307 0.490162390781
0.945535036749 0.397601972982
0.849597169845 0.791516099032
0.701027263498 0.798361253763
0.296450629766 0.310399304279
0.212345527810 0.675395719979
0.870914802528 0.944219206000
0.309133189213 0.636157300425
0.002253217998 0.564443381535
0.156881850268 0.327828170370
0.587303927534 0.837586680049
0.305400662542 0.849815028201
0.479539288435 0.176755370441
0.460876259885 0.320075166934
0.940897536631 0.623674585781
0.388498349930 0.898177754353
0.144843493574 0.398796768183
0.184477953923 0.462981305129
0.704587097286 0.972311748972
0.937417029408 0.211919198642
0.916487232927 0.689348611921
0.202251302319 0.400137079856
0.104808627539 0.069195894811
0.923859137224 0.057251890020
0.420220429346 0.934915299064
0.426009749328 0.921559921700
0.361390576609 0.013355211246
0.794340571858 0.708493491096
0.478029237049 0.776479306284
0.664857700089 0.702520382389
0.386681528798 0.226432612838
0.833021601135 0.128129956413
0.740003480170 0.415317988925
0.739414269073 0.742812541757
0.879339810776 0.545820292997
0.298510280619 0.107897253039
0.952946683178 0.033288954926
0.515044329859 0.364775520969
0.572581144826 0.389492465008
0.191358354002 0.485536184492
0.024450616970 0.881935819911
0.848023868191 0.617630799273
0.452344553133 0.752454504721
0.853696168704 0.619257671505
0.737445346988 0.169961462588
0.048918202777 0.331207844041
0.347750780675 0.823047020312
0.728429702353 0.775588655666
0.697774832170 0.110061212084
0.359053200777 0.863888376377
0.414391566823 0.691913686994
0.512649358388 0.466151604432
0.856137186081 0.873803711384
0.108811177429 0.797607407044
0.680402158205 0.967261997070
0.628376751460 0.055063408538
0.735767774032 0.747192513473
0.680584731776 0.447006989984
0.005933517916 0.107116388224
0.403502265841 0.151022275315
0.318532382535 0.479736779372
0.134573332942 0.070346453192
0.518554748669 0.932583525439
0.606742732554 0.396784033940
0.394636759904 0.676304759658
0.372209033911 0.096530679212
0.830280309938 0.095719824425
0.012675133411 0.273612081122
0.064947889348 0.093729053652
0.009849252254 0.515625820023
0.116330671697 0.241411616961
0.486378802681 0.449418008246
0.999961418367 0.873077952883
0.714476119779 0.819489643575
0.441399109814 0.224748671028
0.671945159571 0.016692763496
0.005738730792 0.063702487993
0.613493465529 0.524651521741
0.556111410690 0.023692091135
0.745090567234 0.689961014962
0.424676210293 0.276614110701
0.532314059102 0.361334881962
0.754529315213 0.921407936720
0.847334476517 0.662374193248
0.907758306675 0.942443254994
0.236281303737 0.670522757330
0.282962594616 0.123458209023
0.757681575124 0.357190504608
0.134985078810 0.443174334152
0.557571131125 0.415224882396
0.221018713301 0.222111169317
0.077473225429 0.752273018113
0.131953950506 0.337048042781
0.273071412387 0.482612594453
0.717733096223 0.823353263889
0.705050036618 0.304369742870
0.933114478170 0.002467145468
0.865837762185 0.630445612571
0.958787080900 0.211755243666
0.659093979378 0.754822423806
0.476003991569 0.289437246221
0.850576175414 0.514222579135
0.265234696641 0.144165378866
0.372995013828 0.259483597039
0.775811031528 0.186019345313
0.172704498422 0.720745061175
0.279823476051 0.735272981579
0.427313763897 0.353004258344
0.625902570899 0.082466302686
0.300896299224 0.629292521222
0.283908566410 0.926405761655
0.313388333858 0.231287310731
0.297490067617 0.947160639553
0.024612263654 0.223363579991
0.306123470989 0.213494853799
0.228359925208 0.715784769660
0.970398461173 0.616166422331
0.640975806902 0.683946705623
0.833384812896 0.150961666258
0.090368474611 0.049449516889
0.916941286345 0.442153285557
0.169451152410 0.709541276781
0.615472576515 0.645351013995
0.932396096100 0.366535206494
0.782194140495 0.748645962916
0.468133692560 0.028657779337
0.266341344127 0.205855311738
0.584212673242 0.277070739059
0.656497803283 0.891998008031
0.642064008113 0.497283708949
0.108482107785 0.128444914792
0.084104509469 0.511718532561
0.019811370099 0.246183699151
0.931828485859 0.506809564256
0.981068299027 0.056140008014
0.575543507279 0.983858630960
0.052574823070 0.094447434378
0.349811036422 0.167167127990
0.538283741498 0.480029755829
0.538680909511 0.943123504012
0.254029525949 0.237045236576
0.691811976676 0.875440045750
0.901144294062 0.523964738687
0.082526198393 0.118241204325
0.786484191719 0.105758299598
0.193351703732 0.431964524713
0.394289014489 0.790419013850
0.680898310572 0.876927360162
0.472802934251 0.313553819975
0.022828349933 0.823945787040
0.498630736284 0.135838450893
0.173712888825 0.466699295024
0.914431077828 0.861713670710
0.007800170829 0.160873725252
0.081420013739 0.990862304823
0.074895853654 0.342868377509
0.768563460872 0.676946786312
0.476014980575 0.016529019339
0.427190452793 0.244125302190
0.229190140473 0.438599517477
0.825599032704 0.757446440712
0.859410511700 0.609128787856
0.586217507774 0.767917828096
0.642349010581 0.986809537032
0.161814604659 0.969548912208
0.757161138715 0.834168657790
0.081536886594 0.379802114480
0.872685906632 0.164808957335
0.307229679385 0.455595342069
0.482947967499 0.153775950456
0.071232769489 0.406352642580
0.716677385810 0.399974554768
0.064923344667 0.688793905947
0.731980854926 0.741896493174
0.649620108868 0.043509284955
0.047292226390 0.648372852455
0.345603280575 0.442324729734
0.894902485676 0.086395379021
0.089109340362 0.392602024964
0.570946365916 0.338137525673
0.140015991299 0.327625294006
0.718556195694 0.457159809399
0.473955897643 0.391926404082
0.957459891680 0.955536512146
0.541826435478 0.100739383696
0.467700794248 0.263549966692
0.357760986087 0.860819159962
0.267118866715 0.444047430762
0.554884291346 0.635807952127
