1600
0.414529082456 0.279512001974
0.129524010556 0.925175848455
0.349820645744 0.124168809632
0.833906902041 0.625823869041
0.150055481878 0.694850010090
0.366607070658 0.781118118919
0.145392342319 0.936775223848
0.119518877793 0.851168698472
0.394178283749 0.817585298530
0.151658182339 0.904002683301
0.526300241753 0.902561408302
0.851965581747 0.291260926555
0.854056808689 0.350275126446
0.137203809941 0.741188365129
0.852708046936 0.714176339483
0.935569418814 0.744722015628
0.913341057631 0.068274339200
0.985542831218 0.618648112772
0.549745574067 0.240833572777
0.665204130942 0.896573066869
0.640228620672 0.890647163264
0.527908611658 0.158402410323
0.461936835355 0.925851245530
0.964635204733 0.199842978643
0.152150957556 0.303409208948
0.340906507591 0.655956541329
0.246645799032 0.594459910003
0.606970302548 0.120943275082
0.303672301763 0.220945628214
0.684593253130 0.197191168249
0.543142609874 0.904696799743
0.463636953441 0.210387974030
0.399536002640 0.391959187349
0.458478748554 0.947476003046
0.904869615939 0.772837945370
0.680843802752 0.316882175993
0.651394682543 0.883059826757
0.074894830190 0.355346656786
0.514713109715 0.109702368314
0.566270781678 0.275498368244
0.394612148423 0.006115092641
0.923589664382 0.978905068652
0.516563254393 0.115295393514
0.883772620655 0.569604750713
0.660626559835 0.294738637836
0.407070470623 0.265174227251
0.391171228463 0.196640934572
0.200169192887 0.791405202807
0.560715917793 0.780801801560
0.363131341426 0.890958209609
0.180289184332 0.297285417420
0.905735236829 0.207395822809
0.078608501453 0.873611090353
0.059166989014 0.208328875745
0.520305179173 0.056838820970
0.538791068977 0.372738283972
0.292232442058 0.602402194959
0.842287311412 0.928680869216
0.385061798708 0.755051125797
0.084834960779 0.532495563984
0.749000186104 0.847058990431
0.959911733002 0.426366886519
0.157273757122 0.437305274351
0.991946915990 0.497870916911
0.704375162182 0.452473779209
0.027436337146 0.946245490745
0.148936318820 0.967040558727
0.746732647318 0.792036269283
0.200069528449 0.798722849450
0.112730870931 0.559044057376
0.973342950221 0.005503164495
0.988865613669 0.122831534444
0.506073440174 0.482239233373
0.431636764626 0.924259752611
0.234807172304 0.080353411613
0.307324041835 0.658561651830
0.279817839323 0.252422362870
0.204301370924 0.792391757112
0.846910147088 0.972042045947
0.057708918941 0.158313470287
0.906124330631 0.243632132176
0.309097691559 0.706618260572
0.916072093781 0.620500747392
0.767568004485 0.739659907099
0.873197271107 0.844272689832
0.989042921350 0.548602064974
0.534472192768 0.634574833131
0.955439973301 0.954314126842
0.712764762443 0.252679094740
0.015043202287 0.413928946958
0.014818198162 0.272758947036
0.479371863271 0.886241796718
0.986576798257 0.883777783542
0.390956042700 0.799753242161
0.069193542118 0.456179338733
0.851952064106 0.186934787512
0.036820380649 0.310999609114
0.897375919117 0.240545426937
0.185186276604 0.973399148336
0.311440146042 0.318995001797
0.734612982993 0.354682022433
0.514212640874 0.337406785349
0.984730760844 0.541505925382
0.822363889766 0.791872323549
0.258587298451 0.261204782574
0.036546120058 0.592236561805
0.664569565127 0.799073422964
0.593992941395 0.842545995794
0.014681776135 0.656361392115
0.003905251868 0.580107312253
0.711969624193 0.623972520597
0.151387578857 0.839134045436
0.168603009385 0.101976267712
0.400032672962 0.771524479309
0.965303235887 0.392638941816
0.471260138478 0.666860686910
0.904027603111 0.636535468100
0.448361227873 0.750816529215
0.746331063304 0.927288245028
0.203675713124 0.493506948794
0.442462709650 0.638606614304
0.227842036076 0.667722301011
0.229500861104 0.913701378640
0.540657795706 0.605415080017
0.064785985102 0.716081449309
0.764428114775 0.506312530827
0.433302209218 0.514586903965
0.864053604400 0.455312604825
0.859837280583 0.094782296959
0.715431574998 0.158702826665
0.219694099645 0.752158801939
0.907552888382 0.669667208112
0.692035945360 0.156731492363
0.757136471066 0.350585681582
0.469848784533 0.988451592142
0.801543075432 0.525978945288
0.927849181309 0.361390668548
0.310463446034 0.181429425643
0.167931856265 0.493027305164
0.034522685220 0.329361583307
0.790038450671 0.772434596654
0.295146378156 0.414262329560
0.469365092730 0.655111661811
0.061083994604 0.192960191999
0.818962501529 0.808132089414
0.189795295974 0.678280385382
0.955995163507 0.870829625179
0.014015003777 0.958197417351
0.811817137984 0.635164290196
0.793383892097 0.432087602144
0.187817855145 0.516093304104
0.736859814576 0.378536180870
0.783543424473 0.833718482370
0.733114028257 0.876197966863
0.349384036252 0.701827999012
0.143315594795 0.234391861678
0.947237576182 0.575953366261
0.944273686708 0.000498533763
0.258740145599 0.700604993674
0.731133364825 0.747022330473
0.447247350009 0.580439563467
0.059618885560 0.605693417129
0.257732548929 0.032382508890
0.930728905443 0.515669516994
0.594741313027 0.531936920789
0.888974138112 0.447318775674
0.534731672688 0.201939046617
0.852499148093 0.214921505142
0.653388927907 0.488877998553
0.944160098780 0.616739188820
0.244308385379 0.991716165549
0.911878471468 0.458209462386
0.801890957247 0.040184940587
0.270021100673 0.895606137767
0.383121659728 0.031170541675
0.757458390739 0.558549022599
0.760451251261 0.618554735608
0.679239352427 0.098579616756
0.757253111384 0.087367979827
0.905033188250 0.399081053968
0.709882545786 0.429105692305
0.856786624342 0.353684212409
0.533450572350 0.151434854723
0.489223097003 0.263662056115
0.554890460060 0.910285762861
0.699278316426 0.860491301538
0.805219419836 0.931615272544
0.584365710772 0.271699743062
0.287181446209 0.508201162196
0.685158863412 0.913389330314
0.324426943761 0.806065056533
0.617655357168 0.011624681204
0.189392004927 0.816031542691
0.033561494322 0.880524450187
0.050061598578 0.637146472655
0.500049232482 0.073834163899
0.887438044263 0.806955796654
0.902849426674 0.388564098446
0.448015547655 0.103870423820
0.234248159637 0.446639816844
0.806734821007 0.972020371304
0.904259637888 0.179256423811
0.539235470891 0.370265653689
0.924098893074 0.157695740861
0.416839466594 0.663639793532
0.761734418985 0.975828769951
0.538313168783 0.974837313577
0.306053956908 0.118579311234
0.759419662009 0.840926914199
0.035939978149 0.225588742307
0.550564058644 0.799910058470
0.150864065167 0.861642065251
0.146053588619 0.714808194252
0.448635424235 0.769661696127
0.202868221175 0.859533650675
0.142467235462 0.745943422075
0.585217844411 0.498887167407
0.492969522801 0.331618796090
0.272025218094 0.430761862112
0.131077769896 0.253025291595
0.451921577561 0.586277026679
0.695946679730 0.213820110417
0.344100464025 0.745498278765
0.978767339556 0.193480941392
0.148796651817 0.993131094514
0.111217670045 0.743617514857
0.289217498350 0.058735423310
0.568369471405 0.001716803471
0.024055220627 0.836357748792
0.363514691969 0.821132494437
0.868477065227 0.413896424441
0.930327798915 0.809001214880
0.609577649472 0.946014189470
0.840464388823 0.386144243376
0.103160472482 0.837121273894
0.857147500248 0.653839398878
0.321495288359 0.452131243127
0.433176543839 0.743693776037
0.131101262567 0.009722524700
0.821398410341 0.013909305781
0.125984158929 0.331229215174
0.563920215461 0.466330074319
0.151085791299 0.691668096676
0.490757355697 0.825238245126
0.314587183125 0.449542612005
0.107363143211 0.025494609388
0.713369872576 0.298831667672
0.642366323224 0.291995553300
0.456234142881 0.597979367841
0.211264316716 0.395360888109
0.052875209776 0.072883941581
0.818822136953 0.084221853266
0.797230122779 0.378098023541
0.953173662939 0.619515987107
0.381355897037 0.225080896642
0.639402378952 0.971010775541
0.865834750138 0.568894117149
0.231606869235 0.734191349813
0.055801836135 0.283837930044
0.282671353270 0.543104322045
0.804656109470 0.780944858431
0.283327422272 0.501320434410
0.322572477143 0.630861627341
0.290398954241 0.441558366986
0.001934770772 0.787468972175
0.742782005417 0.120521113059
0.900230853591 0.871743697706
0.507764362976 0.428080101397
0.921894933607 0.911116407524
0.215399459666 0.461171035293
0.008774445322 0.254304428528
0.671105558361 0.707834540493
0.644691251408 0.240810423099
0.923377575678 0.384064480983
0.578935964745 0.821605825379
0.882014691409 0.146962525460
0.518081462987 0.254722370177
0.100746047010 0.406709540749
0.282453724704 0.366437415851
0.965368434270 0.414747963839
0.495806520678 0.633467308703
0.463907977125 0.307144774216
0.712687808638 0.540210508299
0.498921477753 0.624317365131
0.191761467074 0.661866403383
0.264526395247 0.258224809014
0.514684826262 0.661579508985
0.123380413658 0.745950040779
0.414391874827 0.638129859641
0.143536298642 0.737644655890
0.514770600461 0.868741713656
0.594414300783 0.923522650146
0.962352226431 0.136071971690
0.248226801413 0.768542827846
0.931976693593 0.264249802056
0.921847275893 0.837307086651
0.760314173479 0.798977667497
0.848752032372 0.011343663684
0.567083243922 0.612304076406
0.856317633518 0.425286010693
0.992914177316 0.582997747895
0.996093487076 0.849569568836
0.459787145363 0.965874297345
0.929976860876 0.600345648501
0.755181595558 0.013457829618
0.600410601609 0.890674198899
0.880481166264 0.324633783370
0.235341176774 0.082150788560
0.879389841430 0.069223814520
0.676880378178 0.237517923740
0.680356165408 0.054571252272
0.135197185799 0.100202219745
0.021124805362 0.768274519736
0.405540955103 0.476927222566
0.962015125950 0.336278695603
0.136502321632 0.518522167809
0.791466290820 0.391889916072
0.082318076293 0.578849972862
0.752514290490 0.351296389663
0.232509815816 0.882608599362
0.707529778798 0.555371234362
0.000327477760 0.802938908577
0.861723242988 0.264528959056
0.119886990804 0.995744574985
0.000217397944 0.009967012083
0.793710271282 0.268965835449
0.391122345711 0.315629221297
0.831384738611 0.894444145616
0.865878539769 0.143686964971
0.800672467758 0.063289503861
0.421632501932 0.493379353511
0.489655108910 0.511761598853
0.577682120883 0.637943380928
0.558063845361 0.625670352125
0.253798777578 0.334481734732
0.084102992881 0.892386174310
0.982854056722 0.632467545959
0.626745430059 0.689045645576
0.199625977522 0.361804629803
0.400196951663 0.554889679669
0.303535073718 0.052706524430
0.565158918569 0.229448849363
0.332590834734 0.557010693420
0.489453300718 0.484189751572
0.831865549350 0.461913428390
0.017925436343 0.724077385348
0.790832032988 0.048629085315
0.358346623951 0.281236817983
0.064005632059 0.914402123243
0.566965085647 0.512583235975
0.198245846332 0.889014800095
0.875688953902 0.197128131173
0.053150455446 0.806945129517
0.204542801328 0.209981170526
0.519191741013 0.392271627767
0.250558916839 0.135297552966
0.278201823732 0.652051293013
0.030810094322 0.929139681640
0.194738848079 0.010097973446
0.816651204098 0.218125086374
0.122609307920 0.029867608086
0.052826325514 0.536640032482
0.721860777344 0.133647577275
0.273955793465 0.183255460282
0.136995254618 0.714707391329
0.767707214997 0.287859127469
0.931712805927 0.526879988068
0.984965406962 0.700110386305
0.619529771971 0.117714815428
0.549462354325 0.965452231929
0.099102037069 0.320508456693
0.400148753846 0.678524419475
0.689623319657 0.738933625447
0.727247551844 0.079981878589
0.672487687425 0.625535727703
0.196216170149 0.779129666877
0.953356092409 0.280055672320
0.642171903655 0.782259611283
0.852325223541 0.861501020244
0.250743328598 0.629059900901
0.063164948997 0.433382710798
0.900463545313 0.884037528768
0.465294630720 0.836944301748
0.148007755231 0.696739946223
0.959660201143 0.133042721638
0.502712101826 0.787006904045
0.582929659965 0.468226770423
0.513431951549 0.385971522182
0.350046139308 0.231259830279
0.522069916035 0.179631467065
0.115391461227 0.777729275062
0.107815983519 0.672222034671
0.025470734816 0.145484706787
0.528708197951 0.077163251224
0.174606573637 0.473583213185
0.277581461268 0.522968124197
0.948731520251 0.011450144323
0.013488300138 0.152259216519
0.345715805942 0.980471261034
0.053537895790 0.419141089248
0.654116212603 0.272724325910
0.650722386699 0.331937174784
0.131757102841 0.264668101417
0.918221481496 0.526166616601
0.392758206096 0.439092101752
0.358061825970 0.321179854859
0.743732055422 0.176374127952
0.020645415928 0.450786562718
0.629738624161 0.954102411884
0.760965699472 0.054316258125
0.096682276406 0.318527916685
0.407339930485 0.063795842875
0.953268182508 0.726377801408
0.849865882225 0.072379767254
0.342128423410 0.643666068638
0.659849268459 0.569022797148
0.191633677740 0.899789788090
0.330059211983 0.477962783598
0.518201215910 0.079031839268
0.181391909242 0.855326714913
0.550195478480 0.864361654571
0.407521327478 0.428657981089
0.931020354131 0.485016783375
0.259179400003 0.181081512001
0.878573958442 0.342768049973
0.528250818247 0.095996577044
0.694353810550 0.163152456469
0.943928218683 0.409559867130
0.757264373423 0.626558598151
0.894416391123 0.638864332774
0.449316527227 0.947252026106
0.734388154626 0.338827436775
0.953271246646 0.681740522373
0.417493820967 0.018696309372
0.661844114659 0.634934459214
0.032249755683 0.151202080110
0.935954889422 0.895113108669
0.136743515720 0.418321716587
0.052903710363 0.146646763923
0.341582453102 0.645028338156
0.567134246582 0.690754642647
0.030793588343 0.617150505164
0.654880717891 0.335432576919
0.226994038048 0.705462723784
0.783591818631 0.110320267011
0.580757390749 0.922463665543
0.707306709481 0.813078199829
0.115991226076 0.421160691711
0.075477975067 0.721317019567
0.405228527269 0.159889508311
0.106070338049 0.506900000657
0.133560108378 0.360201470132
0.830713535841 0.894280123972
0.780660427766 0.785718514296
0.402479666716 0.916319908791
0.290774351142 0.781282248116
0.163341060389 0.572782417998
0.885051622947 0.399529654685
0.412020886583 0.199508544588
0.514278066846 0.975158525428
0.672876846196 0.149466616572
0.158521926970 0.807671394077
0.337384955957 0.287758337062
0.199779343817 0.506502743903
0.692067201357 0.956797919362
0.261278794910 0.316460901835
0.936310256726 0.198881795681
0.200229482881 0.857798632007
0.972054118064 0.182992285164
0.727637185174 0.118535309655
0.672015926083 0.600812914796
0.418152052431 0.864584006752
0.426807036501 0.731583507879
0.564170319438 0.476609165719
0.972477084311 0.462722501715
0.461624935751 0.375300089567
0.512778951071 0.657350041312
0.720732795181 0.905962548337
0.694519741833 0.323341031936
0.144707606911 0.769200705305
0.055096673431 0.331830332592
0.575011568397 0.710304614467
0.639689731217 0.304815447560
0.965644934066 0.322220045998
0.848196629281 0.418413236456
0.314424386569 0.035227670993
0.501076572352 0.505309127389
0.079967871490 0.923392993514
0.156669128349 0.069997895172
0.373599314470 0.069287169173
0.933749741495 0.814687069741
0.700650464172 0.313367307752
0.321175609544 0.501475281363
0.891333057881 0.144813335118
0.536191377383 0.515011141477
0.303771651300 0.841742299521
0.034654925720 0.234791413504
0.487839852801 0.268880461722
0.406086020134 0.251203059280
0.495669417461 0.721413919735
0.495636294994 0.866110066347
0.531266750220 0.049430199918
0.591054541114 0.087115581674
0.906363902888 0.895801509070
0.568328108100 0.162600611054
0.461865189046 0.072365499645
0.193395984493 0.398385202825
0.014065146583 0.928776764730
0.283253343699 0.660634432283
0.672872812252 0.532502163438
0.107627603687 0.295822451621
0.376870198633 0.777310793446
0.497553906119 0.707681182020
0.909073543828 0.324585288005
0.370589938382 0.121728712054
0.350293400567 0.913300432362
0.300687762476 0.066953942393
0.137168006616 0.860148181708
0.886110340359 0.316411293422
0.003062695065 0.023730331949
0.799094318619 0.786860182260
0.366500423600 0.591811658315
0.849694918805 0.613301291361
0.608653888849 0.437272607578
0.242505035860 0.026573204818
0.954352207738 0.598691919931
0.543445438325 0.088461593226
0.786323855097 0.500621178900
0.064927852948 0.924546596005
0.516926507909 0.614905554491
0.297374265357 0.063905193833
0.092942724196 0.359303228674
0.304935540222 0.398551995970
0.685312041050 0.567730485700
0.320517021187 0.244026800085
0.625714174161 0.985405525177
0.042739675415 0.973828328352
0.595128603073 0.032802025830
0.793719162275 0.750583515491
0.985911994556 0.838598664845
0.945633493052 0.350188434666
0.179220713622 0.010793494240
0.085699271088 0.914043208094
0.775050160245 0.247037604279
0.748738421896 0.439436873534
0.044679912265 0.083351177025
0.204968403150 0.777751977829
0.647442713792 0.451162163262
0.514590687398 0.031210457042
0.958640286191 0.315623715686
0.632411398503 0.276254951816
0.826898817846 0.266116492925
0.812955918599 0.078360908981
0.741705871992 0.238546325203
0.492812628293 0.960237448621
0.910337401340 0.487451815695
0.541361261451 0.832256842248
0.673532636605 0.866110554399
0.618335209676 0.957936364982
0.727394885821 0.489972056185
0.967186062983 0.703890065153
0.352001804996 0.981170614006
0.432939284753 0.586504451023
0.002638540761 0.951027294648
0.713753753300 0.778429038926
0.315585364666 0.857907610298
0.743951521728 0.656692952480
0.575787079148 0.267255287141
0.835719114836 0.368870121157
0.637918639547 0.179893334695
0.465474559001 0.050350910939
0.975379167211 0.027716609045
0.833146690835 0.858695042468
0.134258888383 0.159765572234
0.018051675404 0.592622225617
0.212619584592 0.856564291076
0.439027647506 0.353950876149
0.781422945154 0.769847204284
0.649978532260 0.589354392686
0.764671833802 0.044834129429
0.281583966805 0.341926573056
0.445960981635 0.552611693398
0.207880395496 0.655115650672
0.850455060278 0.653637164199
0.070560409294 0.636607946511
0.039737534671 0.695717850712
0.947649808496 0.618350072928
0.267042206885 0.189981132708
0.785806249040 0.380350804483
0.777755003228 0.928407098747
0.821566248903 0.357582960716
0.251045389172 0.531643016899
0.456800344996 0.766719738814
0.299968882820 0.324376755042
0.303395865068 0.396221702894
0.056913540229 0.508960116418
0.513374675822 0.451197893752
0.037008067373 0.280813174476
0.220495950361 0.963380080732
0.202856436462 0.439102391532
0.360743027605 0.324480848561
0.349127611114 0.784088900693
0.250425376029 0.014286808882
0.625148278111 0.952334132530
0.786043086415 0.437325561465
0.648385405561 0.569698289509
0.709288765824 0.396221915998
0.302853060853 0.649968324736
0.038951750170 0.386433134709
0.925948289186 0.937326379697
0.010018758085 0.944557381040
0.267553037307 0.490162390781
0.945535036749 0.397601972982
0.849597169845 0.791516099032
0.701027263498 0.798361253763
0.296450629766 0.310399304279
0.212345527810 0.675395719979
0.870914802528 0.944219206000
0.309133189213 0.636157300425
0.002253217998 0.564443381535
0.156881850268 0.327828170370
0.587303927534 0.837586680049
0.305400662542 0.849815028201
0.479539288435 0.176755370441
0.460876259885 0.320075166934
0.940897536631 0.623674585781
0.388498349930 0.898177754353
0.144843493574 0.398796768183
0.184477953923 0.462981305129
0.704587097286 0.972311748972
0.937417029408 0.211919198642
0.916487232927 0.689348611921
0.202251302319 0.400137079856
0.104808627539 0.069195894811
0.923859137224 0.057251890020
0.420220429346 0.934915299064
0.426009749328 0.921559921700
0.361390576609 0.013355211246
0.794340571858 0.708493491096
0.478029237049 0.776479306284
0.664857700089 0.702520382389
0.386681528798 0.226432612838
0.833021601135 0.128129956413
0.740003480170 0.415317988925
0.739414269073 0.742812541757
0.879339810776 0.545820292997
0.298510280619 0.107897253039
0.952946683178 0.033288954926
0.515044329859 0.364775520969
0.572581144826 0.389492465008
0.191358354002 0.485536184492
0.024450616970 0.881935819911
0.848023868191 0.617630799273
0.452344553133 0.752454504721
0.853696168704 0.619257671505
0.737445346988 0.169961462588
0.048918202777 0.331207844041
0.347750780675 0.823047020312
0.728429702353 0.775588655666
0.697774832170 0.110061212084
0.359053200777 0.863888376377
0.414391566823 0.691913686994
0.512649358388 0.466151604432
0.856137186081 0.873803711384
0.108811177429 0.797607407044
0.680402158205 0.967261997070
0.628376751460 0.055063408538
0.735767774032 0.747192513473
0.680584731776 0.447006989984
0.005933517916 0.107116388224
0.403502265841 0.151022275315
0.318532382535 0.479736779372
0.134573332942 0.070346453192
0.518554748669 0.932583525439
0.606742732554 0.396784033940
0.394636759904 0.676304759658
0.372209033911 0.096530679212
0.830280309938 0.095719824425
0.012675133411 0.273612081122
0.064947889348 0.093729053652
0.009849252254 0.515625820023
0.116330671697 0.241411616961
0.486378802681 0.449418008246
0.999961418367 0.873077952883
0.714476119779 0.819489643575
0.441399109814 0.224748671028
0.671945159571 0.016692763496
0.005738730792 0.063702487993
0.613493465529 0.524651521741
0.556111410690 0.023692091135
0.745090567234 0.689961014962
0.424676210293 0.276614110701
0.532314059102 0.361334881962
0.754529315213 0.921407936720
0.847334476517 0.662374193248
0.907758306675 0.942443254994
0.236281303737 0.670522757330
0.282962594616 0.123458209023
0.757681575124 0.357190504608
0.134985078810 0.443174334152
0.557571131125 0.415224882396
0.221018713301 0.222111169317
0.077473225429 0.752273018113
0.131953950506 0.337048042781
0.273071412387 0.482612594453
0.717733096223 0.823353263889
0.705050036618 0.304369742870
0.933114478170 0.002467145468
0.865837762185 0.630445612571
0.958787080900 0.211755243666
0.659093979378 0.754822423806
0.476003991569 0.289437246221
0.850576175414 0.514222579135
0.265234696641 0.144165378866
0.372995013828 0.259483597039
0.775811031528 0.186019345313
0.172704498422 0.720745061175
0.279823476051 0.735272981579
0.427313763897 0.353004258344
0.625902570899 0.082466302686
0.300896299224 0.629292521222
0.283908566410 0.926405761655
0.313388333858 0.231287310731
0.297490067617 0.947160639553
0.024612263654 0.223363579991
0.306123470989 0.213494853799
0.228359925208 0.715784769660
0.970398461173 0.616166422331
0.640975806902 0.683946705623
0.833384812896 0.150961666258
0.090368474611 0.049449516889
0.916941286345 0.442153285557
0.169451152410 0.709541276781
0.615472576515 0.645351013995
0.932396096100 0.366535206494
0.782194140495 0.748645962916
0.468133692560 0.028657779337
0.266341344127 0.205855311738
0.584212673242 0.277070739059
0.656497803283 0.891998008031
0.642064008113 0.497283708949
0.108482107785 0.128444914792
0.084104509469 0.511718532561
0.019811370099 0.246183699151
0.931828485859 0.506809564256
0.981068299027 0.056140008014
0.575543507279 0.983858630960
0.052574823070 0.094447434378
0.349811036422 0.167167127990
0.538283741498 0.480029755829
0.538680909511 0.943123504012
0.254029525949 0.237045236576
0.691811976676 0.875440045750
0.901144294062 0.523964738687
0.082526198393 0.118241204325
0.786484191719 0.105758299598
0.193351703732 0.431964524713
0.394289014489 0.790419013850
0.680898310572 0.876927360162
0.472802934251 0.313553819975
0.022828349933 0.823945787040
0.498630736284 0.135838450893
0.173712888825 0.466699295024
0.914431077828 0.861713670710
0.007800170829 0.160873725252
0.081420013739 0.990862304823
0.074895853654 0.342868377509
0.768563460872 0.676946786312
0.476014980575 0.016529019339
0.427190452793 0.244125302190
0.229190140473 0.438599517477
0.825599032704 0.757446440712
0.859410511700 0.609128787856
0.586217507774 0.767917828096
0.642349010581 0.986809537032
0.161814604659 0.969548912208
0.757161138715 0.834168657790
0.081536886594 0.379802114480
0.872685906632 0.164808957335
0.307229679385 0.455595342069
0.482947967499 0.153775950456
0.071232769489 0.406352642580
0.716677385810 0.399974554768
0.064923344667 0.688793905947
0.731980854926 0.741896493174
0.649620108868 0.043509284955
0.047292226390 0.648372852455
0.345603280575 0.442324729734
0.894902485676 0.086395379021
0.089109340362 0.392602024964
0.570946365916 0.338137525673
0.140015991299 0.327625294006
0.718556195694 0.457159809399
0.473955897643 0.391926404082
0.957459891680 0.955536512146
0.541826435478 0.100739383696
0.467700794248 0.263549966692
0.357760986087 0.860819159962
0.267118866715 0.444047430762
0.554884291346 0.635807952127
0.477107199025 0.345051676783
0.788504132878 0.526503830611
0.849921336994 0.685392724705
0.271333155549 0.321225581066
0.000073261243 0.665742433691
0.288052093605 0.213546412590
0.924313428057 0.336368757535
0.890808036931 0.646681530914
0.557244720210 0.716190171099
0.147502757950 0.341581473620
0.856198001745 0.206435903226
0.966005569141 0.918249687692
0.568731789290 0.165661978024
0.705386759542 0.499039432477
0.753724906267 0.178419483674
0.206200428368 0.363887025959
0.912862437743 0.953027768419
0.112663557543 0.138926031590
0.369348415288 0.398304219696
0.147820505060 0.373145519298
0.196514995365 0.056501726950
0.456612820060 0.377275340202
0.457864014246 0.089987674033
0.009982440919 0.252597742509
0.944824269404 0.640372165728
0.015136001951 0.465717938512
0.677613254602 0.886990977372
0.092928205035 0.672421722165
0.622156925697 0.141128239248
0.843647072106 0.756676245670
0.841771959227 0.015507940904
0.148592445462 0.929785904651
0.381603448483 0.125899777323
0.858645407783 0.883019267024
0.827613624623 0.011806471435
0.255069415081 0.261120423339
0.706835555832 0.432884308250
0.075227936071 0.433579348510
0.733866428189 0.911879017561
0.860537333063 0.698056159040
0.658029510175 0.186443156997
0.680211665072 0.621753838574
0.939758811232 0.012371587929
0.827237105778 0.380758400366
0.262657325847 0.768806315664
0.178201809857 0.316484870513
0.564075170924 0.369203695093
0.502391393456 0.817577223152
0.702299438127 0.725833595993
0.934854780798 0.333230790631
0.448519756908 0.173924390983
0.070489071453 0.311382020567
0.338233960722 0.886037386178
0.059749364344 0.067113070097
0.196913430763 0.027732372509
0.700149197427 0.660642928069
0.291409221133 0.680080146755
0.720693488809 0.391242850903
0.990224509024 0.919220948304
0.288817658268 0.287267199833
0.246507825876 0.762217592838
0.661958030272 0.240301588799
0.867161472957 0.404291470133
0.929838733105 0.143393905796
0.385162069997 0.555666322446
0.910843176150 0.452770568609
0.911031890810 0.085311644970
0.578982871215 0.105795630963
0.869982067846 0.270632463218
0.400146926524 0.254774379809
0.315798460716 0.991477956276
0.781301046164 0.079231171110
0.098909544547 0.276745722255
0.508519375806 0.234323752768
0.617739644972 0.873474235481
0.734215110016 0.699038531527
0.028511790136 0.450901036365
0.326350479813 0.776813468526
0.473848928898 0.742901237186
0.409042633921 0.348452847940
0.225181840803 0.267017832485
0.791753075837 0.710951367525
0.244083299958 0.210584884112
0.930693783930 0.187579161257
0.944812514209 0.945984720523
0.709366985779 0.348864795149
0.291798105368 0.307753660289
0.924066843349 0.028645290274
0.464363488306 0.942065253417
0.064124094933 0.194951134505
0.355182008889 0.510208443534
0.075708055469 0.186105358978
0.092842175645 0.406298201644
0.972778361495 0.345109389297
0.562232329996 0.627990880698
0.730590522997 0.880359847604
0.774570707598 0.037933601965
0.077918774370 0.001310092205
0.662787611144 0.071689221724
0.946405963016 0.380303349063
0.964212905455 0.911703652674
0.182347339371 0.586031126663
0.833360821322 0.761403341017
0.061552178805 0.832606524902
0.500886677864 0.451735340099
0.446118236367 0.656907362406
0.973993166600 0.605523487150
0.498038172346 0.644584067423
0.537788846542 0.712169493632
0.524198352473 0.194012317700
0.761075040878 0.043860114415
0.216817883840 0.362695787115
0.194110964728 0.520058779060
0.609623458857 0.860510373628
0.846057212530 0.623294962241
0.970602607069 0.220173257025
0.487626255329 0.837874952450
0.465188361239 0.521988378333
0.497201905158 0.954006360987
0.257991191929 0.914959758213
0.279179358201 0.910963509355
0.176123416663 0.650595791607
0.669999993152 0.680454555137
0.672796207958 0.723096582945
0.414412138537 0.379541676618
0.536873871614 0.237192832708
0.961607095255 0.293695647397
0.163733305197 0.752884064744
0.983410370791 0.555343506526
0.697012539075 0.488026406811
0.155627911846 0.710225579725
0.572180071198 0.001591016952
0.635557675121 0.489773645590
0.934480394576 0.892023897968
0.095804714142 0.547438379798
0.699499745522 0.889181573941
0.184734645769 0.293439162709
0.198763733839 0.210615228980
0.440642456013 0.936915713945
0.070464215539 0.112473741617
0.319102673365 0.406186633986
0.372280597080 0.564063901064
0.445729541623 0.534147600038
0.505599779881 0.988339276348
0.090063525586 0.162279493968
0.035163227551 0.066608038705
0.296489844599 0.106916946389
0.592818228348 0.935999823964
0.996587313127 0.047108475563
0.886787394404 0.397282777593
0.671328136927 0.714463395140
0.157484849618 0.386169562978
0.903953030450 0.499835773414
0.876813472453 0.284115646027
0.153607648276 0.025674761176
0.870114040577 0.198739908642
0.740047423244 0.980631377979
0.529168233902 0.126456902673
0.830625038968 0.766937170076
0.202172253603 0.620897147010
0.897719497064 0.291667840104
0.904310369641 0.883527106081
0.918724632272 0.638907811108
0.043007080629 0.924009180631
0.538289544096 0.817797538330
0.138286820159 0.916834503841
0.535920314255 0.296357033806
0.424710335311 0.120312880010
0.539163127507 0.435844333721
0.521501058677 0.689935141763
0.806870071865 0.146359329108
0.966762057138 0.579378847489
0.657602025321 0.330699309468
0.635778531560 0.101078905992
0.329774702466 0.787495548613
0.848591423798 0.939525712683
0.593055698288 0.851918105034
0.155228523605 0.752605023427
0.660748790528 0.886361527937
0.345729620646 0.440801391111
0.022058408689 0.846275167110
0.534565778261 0.645520858343
0.878438609665 0.167561092709
0.224018778584 0.693844050162
0.352548679539 0.609738052144
0.957969265379 0.628518155616
0.480138170734 0.979494238200
0.576380154196 0.942880839040
0.898569346130 0.716582727714
0.602219551563 0.427751193425
0.830381199191 0.590634086128
0.007933788452 0.081317751825
0.411658014379 0.503878632504
0.479770290690 0.237021620830
0.133963387414 0.969619034624
0.427800942824 0.034819305293
0.421839302925 0.916330067149
0.870573414698 0.657585068119
0.437575830190 0.307369329899
0.089709674135 0.639472025639
0.638981808429 0.749468300726
0.625891667202 0.242614930311
0.477707114073 0.950570100619
0.938562971962 0.811571050729
0.744384296042 0.068446590137
0.432996185021 0.023429036707
0.287198093813 0.733245708496
0.766417944932 0.630764467044
0.262807179476 0.725198122168
0.466560895201 0.172905231875
0.348809951562 0.916783081127
0.158863604741 0.939735312939
0.846766917640 0.448474700482
0.720729557602 0.396082205968
0.741392697063 0.078644505578
0.721573859208 0.201296492361
0.227762517305 0.939291812302
0.715245345637 0.728762224762
0.162717829509 0.326143173745
0.616851388209 0.647719155678
0.293204893721 0.768563522077
0.199696920231 0.172002722298
0.932765444303 0.154037582999
0.011267138815 0.207310416737
0.233171403680 0.644218451861
0.941849014586 0.993704031529
0.082232630397 0.113333708131
0.638039238450 0.299701587819
0.467709427940 0.791845920698
0.679189609827 0.588070840860
0.413256566420 0.213566673113
0.311584187417 0.354003426612
0.113264442486 0.775929127770
0.837239844107 0.499545276964
0.982822286311 0.641966463694
0.896712254606 0.822930201844
0.075909580575 0.077980076567
0.673836860251 0.589879826774
0.804051647640 0.950295034345
0.931228062714 0.541189696731
0.469405250019 0.143398749857
0.095513859512 0.355338624037
0.686546598333 0.333774975562
0.828236411812 0.507881581861
0.947718932650 0.410636857710
0.510265691527 0.085585938325
0.044186400005 0.006412720055
0.343242452580 0.560341901673
0.714486855441 0.044254293349
0.730402373040 0.896641016882
0.187255028593 0.963152078831
0.781174383037 0.950816731156
0.426000785211 0.707714244090
0.119856990475 0.667348742217
0.085501535506 0.611676710681
0.239745905106 0.537543371922
0.939654761388 0.732270717141
0.892228503940 0.562135880809
0.839712714982 0.855312941101
0.038114739823 0.158262769280
0.876388143769 0.465060052518
0.709004032736 0.132393010844
0.131603985868 0.213367159155
0.363582562543 0.766882144466
0.263512914736 0.412515807853
0.501819264952 0.954642529344
0.735310958515 0.476364833286
0.084120781940 0.082952148657
0.103414737886 0.034484212352
0.748279696219 0.385723451605
0.768490719997 0.211040999612
0.620795649161 0.828818157920
0.573968837515 0.689925199669
0.267779465208 0.293544028311
0.737018433355 0.153564888706
0.751705245940 0.110750640730
0.708113325925 0.286841841972
0.971918615944 0.556523518240
0.584491409075 0.159364169374
0.227829963007 0.138054842195
0.822874167993 0.647088819951
0.903533679522 0.715664766929
0.896229369489 0.914047100467
0.121237142625 0.268105341641
0.672237534960 0.460968376042
0.329020530293 0.410269554204
0.127186189322 0.052303694215
0.897369621572 0.315446352684
0.283616861903 0.977030010639
0.610542534104 0.131628985958
0.224164958065 0.680299807118
0.305686973411 0.169543947436
0.704263485827 0.249247993543
0.077881068673 0.388591518069
0.294954772404 0.551960886907
0.316717311362 0.028471698987
0.431821303838 0.846758575433
0.144099558669 0.594731512859
0.040484229380 0.310674916582
0.498616575610 0.974756548802
0.132327453352 0.420596596602
0.464856230579 0.858911540958
0.510813153506 0.275326909052
0.422621291380 0.194807018166
0.359312578791 0.417379002752
0.028114854951 0.389351954001
0.371760653530 0.223210118385
0.914319846604 0.874791195339
0.379255811717 0.531640590085
0.679166806063 0.405891566011
0.276194167054 0.502241946190
0.226456400508 0.693527242530
0.881501153860 0.196535114478
0.735291831633 0.295943593888
0.122480713710 0.591045334148
0.499020596943 0.876894479364
0.304843514992 0.526872711990
0.025048987615 0.246721319879
0.952328140096 0.917839246191
0.193665318802 0.978468411952
0.748344220103 0.648972390480
0.899103255677 0.739628251422
0.991220702176 0.347714656374
0.542033782332 0.907528389236
0.950537362823 0.278566164601
0.502657423442 0.102277866257
0.866879893344 0.252755270924
0.431366332687 0.238281880717
0.619039944557 0.740999218919
0.873972870055 0.779428343196
0.354657988860 0.490595025508
0.565796364536 0.503094682229
0.471680301272 0.367228296445
0.239126962164 0.106187991438
0.093498339861 0.934387211216
0.188033854063 0.997711668900
0.710610882402 0.344628322333
0.210068827899 0.145167403820
0.592073012642 0.420792895286
0.123674051185 0.607898026920
0.292473008815 0.653375085010
0.461199338907 0.583824671905
0.501934931419 0.112479115084
0.419157943313 0.304626208282
0.280532799295 0.677179609507
0.859115193047 0.779070313277
0.572998245276 0.307750136353
0.384450164488 0.248879165118
0.768809017500 0.441407670257
0.950821052802 0.783268873955
0.926387202497 0.672317879248
0.422789086220 0.897335732783
0.353565153845 0.202125703121
0.177627756999 0.589094481306
0.280670377980 0.716850428175
0.632402888854 0.106649343320
0.894139619255 0.286372188911
0.175118685902 0.890267935348
0.549723661951 0.098820353936
0.798874474794 0.996726563445
0.352939490258 0.666961393179
0.043980422279 0.371023238829
0.793941980669 0.988307389226
0.061877147416 0.252357263704
0.833524807356 0.744384159528
0.532157913489 0.909221778992
0.851246282329 0.304792810956
0.236292041993 0.617743537929
0.546061991131 0.203878266222
0.655708402202 0.106352686391
0.100308883861 0.105615695458
0.495257357463 0.569919804644
0.321026503051 0.617498668350
0.403892455800 0.242228208662
0.715646836845 0.786644025058
0.881488500366 0.544751834554
0.464886440404 0.669025760320
0.823454487052 0.093003249647
0.462709533220 0.041846437049
0.903247314781 0.633147760763
0.205600317341 0.493807605938
0.957709221150 0.048218536742
0.550813334014 0.720833218575
0.292627634590 0.365309440861
0.711113846463 0.646139895847
0.827964626657 0.615887191875
0.312752566776 0.822067963437
0.856363456895 0.057297852517
0.680642097912 0.633545204585
0.887975890472 0.714214794003
0.512142799937 0.864334119347
0.233155097919 0.206881516717
0.806374975413 0.790320932033
0.156539079379 0.114363333513
0.893028864782 0.790173466632
0.286547755220 0.594582255306
0.982345511232 0.501983126513
0.538997193252 0.020739771417
0.181016658247 0.372396381921
0.808685962539 0.071027901939
0.997552044491 0.437741199305
0.685345377508 0.053610228742
0.121164322242 0.818396552811
0.187806486120 0.493166898122
0.592026909798 0.499896352851
0.100786124875 0.833411143991
0.295094957704 0.896885622041
0.701121273825 0.909595018454
0.177395825647 0.657064357402
0.123999359059 0.956949049084
0.398269594084 0.447796052191
0.134781130869 0.889189781723
0.227573734538 0.692381123390
0.819056355383 0.402750926644
0.378085697460 0.578483314408
0.503899858512 0.837443416997
0.330594409273 0.168357329273
0.788820515980 0.306147424047
0.334443063000 0.197991317190
0.748157654524 0.251330566343
0.159172702375 0.586806177127
0.410842079625 0.604241512106
0.366645499961 0.796027803732
0.412291636765 0.126242218328
0.165449878096 0.805276160758
0.021167908761 0.266735488787
0.613983279933 0.534429258861
0.485820413696 0.147462678927
0.634474028946 0.260678543582
0.127151558830 0.700659540853
0.582067881527 0.786277679060
0.772638688157 0.873861698990
0.841319141222 0.446307056052
0.817262897454 0.445365388811
0.472967127224 0.231464371615
0.388656943237 0.852919189904
0.448347936469 0.390205134901
0.154060603573 0.458718853073
0.644415370567 0.497378761384
0.244450321559 0.493895271592
0.951975178337 0.590843838945
0.485904939097 0.136245491706
0.511849954418 0.119532996217
0.659919871825 0.569903709487
0.942389696781 0.980331388742
0.293652248157 0.702053772664
0.176751723468 0.289315954532
0.579258398925 0.419842109628
0.175044944065 0.005883089845
0.400486701543 0.763680555904
0.815743936720 0.454703071071
0.207052216460 0.277577553507
0.969329459517 0.847038211935
0.116208866391 0.632573973259
0.397130488128 0.344631209344
0.270139162994 0.668481666825
0.247680182484 0.119118208585
0.161714743702 0.477749106473
0.605030906114 0.398880621783
0.524882305866 0.482354428776
0.607503115456 0.152678474932
0.025062978784 0.502222176285
0.945996165152 0.902688851120
0.575807818895 0.156971341021
0.178617401793 0.084213653011
0.737442012175 0.110149267944
0.888965905132 0.348954239003
0.549094582796 0.387933887979
0.660540445020 0.545134307032
0.925513001140 0.467165931058
0.546654216700 0.680769520362
0.673192119651 0.918198532578
0.856783259142 0.694040603346
0.396018404312 0.947244304163
0.844927713284 0.103158794553
0.358882535245 0.254604804107
0.227426801926 0.701576442387
0.439210184562 0.706454726898
0.346466172997 0.095273976782
0.942391205605 0.608918347319
0.466601605612 0.567655302340
0.499565647665 0.027339115182
0.895972596141 0.102939645832
0.857690006574 0.967350114406
0.878094581999 0.327606866799
0.855422996857 0.137173687286
0.036426086491 0.146318016606
0.637925947735 0.955208194008
0.370158441358 0.286801321202
0.473582745845 0.919218941177
0.709347527080 0.238598578504
0.810947134529 0.082284083875
0.219700727139 0.912566015281
0.260585195355 0.308125096048
0.096774583677 0.078999753148
0.450187044883 0.029770526349
0.366381030901 0.407717001310
0.519288240798 0.188981523396
0.588619131674 0.957002737469
0.869707169180 0.870953338278
0.888746514445 0.791785770416
0.537533841128 0.304069005568
0.766306764567 0.184620510675
0.710987124898 0.505614979525
0.487387428581 0.524029321705
0.885105541474 0.012193972140
0.982074604751 0.659637796112
0.459090419754 0.132032916699
0.254195880494 0.316569511489
0.175843504617 0.742554177038
0.583030199824 0.355140581541
0.247123099668 0.280651151261
0.742162664162 0.806515442362
0.763697568907 0.638405591778
0.080050850102 0.629286613834
0.660441580384 0.789948593626
0.366748530775 0.182680464400
0.084662912668 0.195370602732
0.593829275551 0.254151096617
0.135855024075 0.117723277428
0.467717838604 0.695513173248
0.130956967706 0.665047912787
0.723848092843 0.973614631867
0.466106684757 0.549956720561
0.939424084287 0.218119602361
0.849460286968 0.616654860317
0.580792135731 0.217643258989
0.866207708844 0.194618052165
0.197888379974 0.671761619158
0.093358133946 0.327753180829
0.098884214445 0.323943257368
0.035735939671 0.129212837168
0.394613503282 0.180974347371
0.124083623897 0.609679549195
0.901856472329 0.247856190945
0.660001337307 0.708576842548
0.209927709528 0.281453250330
0.560077309466 0.264122552855
0.934746060402 0.277492485792
0.833018687500 0.833360301947
0.262754058172 0.368119322478
0.099542165775 0.614358058872
0.793430413052 0.713484644241
0.956517336066 0.929843547774
0.159052567944 0.841278648849
0.306286992576 0.457975250246
0.184793970575 0.821374011551
0.771756747563 0.498170192443
0.467784077591 0.085550404815
0.240915313523 0.347495919361
0.232644756754 0.619527823650
0.314705749569 0.348779352888
0.461096251709 0.499245180822
0.744030915168 0.321109918975
0.407975782177 0.226616076953
0.750182386399 0.065763724986
0.284533733608 0.281133329424
0.733795230728 0.077819983617
0.706892806512 0.560060573786
0.236840368587 0.811075627040
0.333426009665 0.577050844343
0.967085836235 0.119609446813
0.325506555422 0.150501309417
0.202427166952 0.314948443958
0.003208112108 0.890548093854
0.331669389114 0.567816692003
0.488314050346 0.717208179219
0.667527862600 0.785596216264
0.654280849711 0.369794543233
0.886216401795 0.201720487559
0.275070271826 0.935498796978
0.546047926656 0.515199430595
0.586118818315 0.697210413550
0.545649305419 0.764410668785
0.260877939603 0.519606027863
0.171977166088 0.159380380802
0.050686005663 0.828804036567
0.521229321222 0.734338942297
0.535199755170 0.343071652068
0.654516134429 0.023816781322
0.851820367481 0.756951478010
0.367951719680 0.570514900660
0.197724014996 0.823625387650
0.047435368730 0.204337626945
0.875100314264 0.803362813975
0.766233109982 0.905132647695
0.742491065115 0.210641313575
0.733576876580 0.095790605615
0.971807610727 0.688237257738
0.970538464921 0.279483747317
0.836414630293 0.730646546482
0.871696359507 0.610165683419
0.980952752357 0.767117146734
0.194509648774 0.797332521328
0.874308613469 0.769989837192
0.230383721608 0.425904793394
0.314930446043 0.378708611968
0.070321278250 0.504500034025
0.349756523672 0.403660565468
0.242588474711 0.728022872293
0.457224384211 0.204944564630
0.719403809086 0.394223414035
0.519637253123 0.615381424042
0.654315713921 0.192610801954
0.924682064442 0.908823447171
0.902337803364 0.684927476256
0.059847486724 0.496480895437
0.712347399864 0.419486124418
0.732231969005 0.086065008611
0.177637395142 0.420365919302
0.410737589630 0.559684437580
0.438382746455 0.623202712418
0.164516981273 0.743382176346
0.992305034452 0.501659686336
0.293004381118 0.058846106738
0.170780575539 0.155325889405
0.706769478466 0.099175909214
0.151453652270 0.976580389686
0.438260765448 0.866775158786
0.220125562198 0.349824805728
0.316355102682 0.491717729091
0.169956451515 0.783497012132
0.923228752919 0.030694982320
0.181129357090 0.258629190127
0.826763774663 0.575392440780
0.595998591669 0.175724410261
0.622478966834 0.598504529634
0.170916634621 0.075842908165
0.167428077245 0.787331362456
0.514569097086 0.736582457766
0.201866294561 0.688895224086
0.022535178288 0.436802071754
0.255600697962 0.274774201443
0.088345381581 0.236294979100
0.763287903403 0.064509134840
0.252568177021 0.322110756400
0.870624182739 0.087755522573
0.174086844356 0.578927936360
0.721116404482 0.659707022540
0.443015968858 0.996982695321
0.556277815133 0.462219568907
0.764568054872 0.740886644790
0.741637510332 0.613147671894
0.530153530763 0.272662632075
0.613487998084 0.445425007075
0.249246106709 0.912062104815
0.609048094410 0.360262739708
0.376859075935 0.389396325828
0.543540077612 0.948508982000
0.261270783023 0.016536850969
0.695047123228 0.251844159375
0.919948182428 0.989363515920
0.881031110431 0.550337678286
0.184110238661 0.411831030622
0.303778494306 0.982343955338
0.130336939409 0.973183464863
0.216154639922 0.022278398009
0.227978966517 0.843989737906
0.539861375650 0.835119133543
0.001396659877 0.515048011396
0.347510107416 0.595285977204
0.354418878208 0.670382940700
0.504470204964 0.381737126391
0.789651771190 0.149232377771
0.929481088252 0.448704175799
0.226798391643 0.952909651106
0.562903069286 0.808590083217
0.772011557206 0.634679287871
0.682328104557 0.764440488258
0.795158480575 0.271368302268
0.146803748269 0.486449109801
0.855015488377 0.254547265339
0.218493329189 0.960680634713
0.085748703698 0.010075606947
0.055179266790 0.747222372930
0.474110938624 0.314059293327
0.805216057823 0.396066804842
0.258760293379 0.430386485746
0.500581365109 0.087063798527
0.354771150323 0.862683330024
0.931409388605 0.918271539251
0.022177446601 0.057587965348
0.210296857269 0.176111904365
0.872300371222 0.085621486601
0.375850111346 0.120156945644
0.045332023191 0.782710259694
0.737118410943 0.122521120878
0.943462149623 0.384779986705
0.584085370703 0.062216759530
0.102660918913 0.608118559467
0.760243844434 0.412080766080
0.610605836659 0.900837339154
0.553061230297 0.521756571743
0.296329443508 0.150319367774
0.564078599028 0.824599653126
0.737755406991 0.115723467967
0.095329827223 0.537275357530
0.855798096255 0.854235532436
0.071192607401 0.414367121503
0.528163771751 0.218767856371
0.308793368914 0.130769254492
0.693074194130 0.370274437746
0.775409341296 0.334384095396
0.894124820060 0.119970073923
0.313294786794 0.611186349115
0.104303870145 0.698834131120
0.671981384150 0.882690585216
0.062374487960 0.350291368396
0.831966423690 0.789019044186
0.751524021945 0.516462472497
0.814033436898 0.653998860836
0.182201216070 0.601561316558
0.993099694450 0.765028391839
0.332807853233 0.563704706911
0.437930227641 0.090974337518
0.118425219804 0.327538840493
0.807400221715 0.695352589505
0.154701713117 0.096745173100
0.694953358392 0.046889028076
0.057695058481 0.652862208607
0.135844511304 0.080759648533
0.157765000941 0.183269173556
0.902647684589 0.195005227269
0.034089052154 0.818067952943
0.604955794171 0.679562057742
0.814188966685 0.057541343905
0.886424385597 0.249929906956
0.988798157477 0.526553946971
0.849168224369 0.101719076674
0.715884299517 0.840517172006
0.420484446887 0.002313113015
0.518705976456 0.853307200469
0.664050184994 0.505910105811
0.602091459562 0.677874629658
0.996852837098 0.110646467549
0.039970634388 0.825412240655
0.139509016546 0.591870393529
0.037481770486 0.752173192310
0.152290225695 0.442550692395
0.695252325845 0.390801261196
0.608701044676 0.257038152037
0.944881352947 0.684917834658
0.365075649408 0.512823882452
0.967019390006 0.254402533243
0.296222346758 0.869569967091
0.721164041516 0.560125902530
0.097130098177 0.226655069831
0.624404839175 0.979788885135
0.878257259241 0.099039198725
0.720523490135 0.173065073937
0.901677553786 0.703790432370
0.327374326819 0.829623369900
0.777713190250 0.641639882787
0.476248733684 0.136150934692
0.642616576902 0.433072312494
0.939505603946 0.049644552208
0.908971864363 0.978476455517
0.150291535747 0.158563006479
0.779002100716 0.386654024972
0.359468575147 0.688629158910
0.759738689039 0.513527435971
0.349327915149 0.156958377766
0.356513651893 0.009326244555
0.471334128148 0.590715149798
0.151573494646 0.052129013518
0.626680306346 0.851732400461
0.817512782034 0.190773577034
0.635128973179 0.896663577742
0.756037462522 0.601332300201
0.701380871236 0.156596227679
0.992269055341 0.427212729719
0.991592791002 0.247082919828
0.459992618063 0.900245820217
0.668820542481 0.978811280539
0.666160500718 0.383746509862
0.738883050923 0.893334873648
0.971441828239 0.921482621288
0.251842440918 0.013241044358
0.931130998967 0.979900692038
0.454011922612 0.090785925379
0.636398805546 0.824089205179
0.446802372122 0.735450907150
0.124413638331 0.938193607994
0.478088768062 0.474264308793
0.297629182795 0.483841287139
0.756033169716 0.077407065804
0.533505634044 0.459221125000
0.361980762521 0.597027286835
0.167705285736 0.778549206524
0.566313715504 0.203895837854
0.203606970122 0.316622491186
0.377793255712 0.452238999915
0.111668792936 0.264023623371
0.132357528991 0.398605029201
0.122211484078 0.201425338912
0.141610547179 0.589904437554
0.438697034886 0.740609948184
0.054999881386 0.315879320709
0.775265677781 0.587650949674
0.464226812087 0.392400402517
